% Model:              2D-Au-Plate_from_psi.mph
% Version:            COMSOL 6.2.0.339
% Date:               Dec 20 2025, 18:26
% Dimension:          1
% Nodes:              100
% Expressions:        6
% Description:        Table graph
% psi,real(px) (C*m),imag(px) (C*m),real(py) (C*m),imag(py) (C*m),real(pz) (C*m),imag(pz) (C*m)
0,2.2508774981505467E-31,1.8369674731400748E-31,8.529736754816948E-32,-9.234720901183236E-32,2.008637321384137E-32,-1.0917658642347348E-31
0.03173325912716963,2.249938747350228E-31,1.8362013476237118E-31,9.119242221780623E-32,-8.697358882396073E-32,2.0077995992536685E-32,-1.0913105324454079E-31
0.06346651825433926,2.247123927476534E-31,1.8339041401768482E-31,9.714983469959318E-32,-8.168542485203961E-32,2.005287711220774E-32,-1.0899452319105692E-31
0.0951997773815089,2.242437338813397E-31,1.83007936031154E-31,1.0316101664676428E-31,-7.649139734996319E-32,2.001105494771331E-32,-1.0876720484404125E-31
0.12693303650867852,2.2358861575692543E-31,1.8247328646155756E-31,1.0921759649448682E-31,-7.140048985044081E-32,1.9952593538076094E-32,-1.0844944627838815E-31
0.15866629563584814,2.2274804496939555E-31,1.817872868028272E-31,1.1531140526559124E-31,-6.642201001056298E-32,1.9877582709786993E-32,-1.0804173573303532E-31
0.1903995547630178,2.2172331906551586E-31,1.8095099599808396E-31,1.2143446275823375E-31,-6.15656132250565E-32,1.9786138253284527E-32,-1.0754470257019905E-31
0.2221328138901874,2.205160291618222E-31,1.7996571257614947E-31,1.2757896369509565E-31,-5.684132941580606E-32,1.9678402156572388E-32,-1.0695911854522927E-31
0.25386607301735703,2.191280632617842E-31,1.7883297735874954E-31,1.3373726337776838E-31,-5.225959343675949E-32,1.955454290124137E-32,-1.0628589941551915E-31
0.28559933214452665,2.175616103462981E-31,1.7755457679882712E-31,1.3990186233891905E-31,-4.7831279569020773E-32,1.9414755827497606E-32,-1.0552610692460645E-31
0.3173325912716963,2.1581916532924113E-31,1.7613254702479175E-31,1.4606538941803506E-31,-4.3567740621162826E-32,1.9259263576381938E-32,-1.0468095120578542E-31
0.3490658503988659,2.1390353498873835E-31,1.7456917868113597E-31,1.5222058259953638E-31,-3.9480852193649624E-32,1.908831661906875E-32,-1.0375179365901785E-31
0.3807991095260356,2.1181784500658005E-31,1.7286702267335003E-31,1.583602668412845E-31,-3.5583062711972194E-32,1.8902193885049414E-32,-1.0274015036534112E-31
0.4125323686532052,2.0956554827278887E-31,1.7102889694538381E-31,1.6447732798260483E-31,-3.188744987892098E-32,1.8701203503207843E-32,-1.0164769611489683E-31
0.4442656277803748,2.07150434640048E-31,1.6905789444039387E-31,1.7056468164700855E-31,-2.8407784238324953E-32,1.8485683672294006E-32,-1.0047626913824618E-31
0.47599888690754444,2.045766423449655E-31,1.669573924217075E-31,1.7661523583936225E-31,-2.515860057659978E-32,1.8256003680127433E-32,-9.922787664611352E-32
0.5077321460347141,2.0184867134912185E-31,1.6473106336064155E-31,1.826218456710908E-31,-2.2155277906353564E-32,1.8012565094136273E-32,-9.790470130034944E-32
0.5394654051618837,1.9897139889506565E-31,1.623828876319305E-31,1.8857725831977326E-31,-1.9414128768924916E-32,1.77558031495286E-32,-9.650910875920686E-32
0.5711986642890533,1.959500976195308E-31,1.599171682961221E-31,1.944740459285578E-31,-1.6952498544243588E-32,1.748618836568539E-32,-9.504365646297644E-32
0.6029319234162229,1.9279045662030985E-31,1.5733854829253085E-31,2.0030452366240197E-31,-1.4788875347224746E-32,1.7204228426133256E-32,-9.351110385226648E-32
0.6346651825433925,1.894986059341688E-31,1.5465203041590016E-31,2.0606064954588613E-31,-1.2943010889713676E-32,1.6910470362886604E-32,-9.191442424076068E-32
0.6663984416705622,1.8608114495082099E-31,1.518630005054425E-31,2.117339019944728E-31,-1.143605235573643E-32,1.6605503092069786E-32,-9.025681859716958E-32
0.6981317007977318,1.8254517536316155E-31,1.4897725433583623E-31,2.1731513010085817E-31,-1.029068481897654E-32,1.628996035432009E-32,-8.854173152737069E-32
0.7298649599249014,1.7889833933396046E-31,1.4600102876557444E-31,2.2279437073663874E-31,-9.531282947239016E-33,1.596452412070865E-32,-8.677286978681975E-32
0.7615982190520711,1.7514886364328278E-31,1.4294103776616401E-31,2.281606253694868E-31,-9.184069583853828E-33,1.5629928532358998E-32,-8.495422369380838E-32
0.7933314781792408,1.7130561066375735E-31,1.398045140236553E-31,2.334015881865432E-31,-9.277277128565744E-33,1.5286964449394953E-32,-8.309009185450844E-32
0.8250647373064104,1.6737813708528776E-31,1.36599256864529E-31,2.3850331568784986E-31,-9.841305270661798E-33,1.493648469139295E-32,-8.118510964682424E-32
0.85679799643358,1.6337676136569985E-31,1.3333368730299884E-31,2.4344982645116387E-31,-1.0908865308576734E-32,1.4579410056550957E-32,-7.924428193664965E-32
0.8885312555607496,1.5931264090045583E-31,1.3001691102009483E-31,2.482226184228713E-31,-1.2515096705851267E-32,1.4216736208160966E-32,-7.72730205082749E-32
0.9202645146879193,1.5519785985571352E-31,1.2665879004528085E-31,2.5280009013163167E-31,-1.469763529245464E-32,1.384954151264369E-32,-7.527718666696897E-32
0.9519977738150889,1.510455284546944E-31,1.2327002378516856E-31,2.571568521015688E-31,-1.7496604161558195E-32,1.3478995899668068E-32,-7.326313939680303E-32
0.9837310329422585,1.4686989418853716E-31,1.1986223978406408E-31,2.6126291617890574E-31,-2.0954487331117426E-32,1.3106370786381194E-32,-7.123778930242187E-32
1.0154642920694281,1.426864648595992E-31,1.1644809414096766E-31,2.6508275457831154E-31,-2.511583216895619E-32,1.2733050057537418E-32,-6.920865828995127E-32
1.0471975511965979,1.385121424444651E-31,1.130413807568336E-31,2.6857422882163605E-31,-3.0026709135673456E-32,1.2360542011168433E-32,-6.718394449593043E-32
1.0789308103237674,1.343653653420612E-31,1.0965714742483828E-31,2.7168740365792073E-31,-3.5733836774319996E-32,1.1990492052509971E-32,-6.517259128336694E-32
1.110664069450937,1.3026625446595036E-31,1.063118150580589E-31,2.7436328554382107E-31,-4.2283257216088827E-32,1.1624695730985135E-32,-6.318435810233912E-32
1.1423973285781066,1.262367556407929E-31,1.0302329390089022E-31,2.7653256301563083E-31,-4.971842563999871E-32,1.1265111447374677E-32,-6.12298895580063E-32
1.1741305877052763,1.223007666616249E-31,9.981108722358274E-32,2.7811448119481384E-31,-5.807756177135928E-32,1.0913871792324742E-32,-5.932077703944993E-32
1.2058638468324459,1.1848423202075697E-31,9.669636862998541E-32,2.7901605765871593E-31,-6.739011239332271E-32,1.0573291999585524E-32,-5.746960466601135E-32
1.2375971059596156,1.148151817232465E-31,9.370201373533654E-32,2.7913194156463255E-31,-7.76722060972443E-32,1.0245873409829277E-32,-5.568996811436635E-32
1.269330365086785,1.1132368316973584E-31,9.085256089724348E-32,2.783453245002135E-31,-8.892106588602705E-32,9.934299176760815E-33,-5.399645127976363E-32
1.3010636242139548,1.0804166775912225E-31,8.817406970410309E-32,2.7653040933670214E-31,-1.011085059302122E-31,9.64141879350934E-33,-5.240454217136308E-32
1.3327968833411243,1.050025885105163E-31,8.569384155637585E-32,2.7355699259160357E-31,-1.1417389601062747E-31,9.37021753949148E-33,-5.093046684515818E-32
1.364530142468294,1.0224086456039126E-31,8.343996631424044E-32,2.692976546608607E-31,-1.2801733249511647E-31,9.123766908475465E-33,-4.959091996281482E-32
1.3962634015954636,9.979107673970148E-32,8.144066579859516E-32,2.6363780413387207E-31,-1.4249416840708921E-31,8.905152823517418E-33,-4.840267461430259E-32
1.4279966607226333,9.768689961542586E-32,7.972342221772618E-32,2.564883221419887E-31,-1.574124226728303E-31,8.717380334517262E-33,-4.738206431521852E-32
1.4597299198498028,9.595979185080272E-32,7.831390935492865E-32,2.4779979695301548E-31,-1.7253473316417552E-31,8.563256748629953E-33,-4.6544347778970516E-32
1.4914631789769726,9.463751682332139E-32,7.723478522755018E-32,2.37576448789416E-31,-1.8758622640403812E-31,8.445259613223535E-33,-4.5902991357166496E-32
1.5231964381041423,9.374262091318672E-32,7.650445020037731E-32,2.2588710097362857E-31,-2.022687973308857E-31,8.365400921431569E-33,-4.5468930948487496E-32
1.5549296972313118,9.329104256169997E-32,7.613591182193984E-32,2.1287034597214513E-31,-2.1628087622175456E-31,8.325102987356486E-33,-4.52498973362294E-32
1.5866629563584815,9.329104256170632E-32,7.61359118219404E-32,1.9873171140364258E-31,-2.293401589258472E-31,8.325102987357039E-33,-4.524989733622941E-32
1.618396215485651,9.374262091318144E-32,7.6504450200382E-32,1.8373218083301152E-31,-2.4120558552051978E-31,8.365400921431038E-33,-4.546893094848735E-32
1.6501294746128208,9.46375168233207E-32,7.72347852275526E-32,1.6816945771843067E-31,-2.5169464604275017E-31,8.445259613223298E-33,-4.590299135716599E-32
1.6818627337399903,9.595979185080602E-32,7.831390935493464E-32,1.5235514620101346E-31,-2.606930818876132E-31,8.563256748630173E-33,-4.654434777897063E-32
1.71359599286716,9.768689961542343E-32,7.972342221772675E-32,1.3659186777394286E-31,-2.6815590962155905E-31,8.717380334516577E-33,-4.7382064315219594E-32
1.7453292519943295,9.97910767397027E-32,8.144066579859486E-32,1.211539659087628E-31,-2.7410070474760796E-31,8.905152823516555E-33,-4.840267461430278E-32
1.7770625111214993,1.0224086456039076E-31,8.343996631423688E-32,1.06274140611364E-31,-2.785955334572316E-31,9.123766908475781E-33,-4.959091996281378E-32
1.8087957702486688,1.050025885105131E-31,8.569384155637771E-32,9.21367069430996E-32,-2.8174444796604108E-31,9.370217539490931E-33,-5.093046684515754E-32
1.8405290293758385,1.0804166775912017E-31,8.817406970409722E-32,7.887677614603067E-32,-2.8367314191542814E-31,9.641418793508873E-33,-5.240454217136316E-32
1.872262288503008,1.113236831697352E-31,9.085256089724456E-32,6.658384025427567E-32,-2.8451655109400633E-31,9.934299176759905E-33,-5.399645127976451E-32
1.9039955476301778,1.1481518172324236E-31,9.370201373534035E-32,5.530802078884687E-32,-2.8440927417732783E-31,1.0245873409827918E-32,-5.568996811436709E-32
1.9357288067573473,1.1848423202075776E-31,9.669636862999007E-32,4.5067446097313804E-32,-2.8347894627655447E-31,1.0573291999585718E-32,-5.746960466601113E-32
1.967462065884517,1.223007666616237E-31,9.981108722358373E-32,3.585562791635515E-32,-2.8184222852207795E-31,1.0913871792324806E-32,-5.932077703944984E-32
1.9991953250116865,1.262367556407918E-31,1.0302329390089178E-31,2.7648139809099573E-32,-2.796028623265725E-31,1.1265111447374342E-32,-6.122988955800664E-32
2.0309285841388562,1.3026625446594419E-31,1.0631181505806264E-31,2.0408259170910528E-32,-2.768512041744032E-31,1.1624695730985017E-32,-6.318435810233855E-32
2.0626618432660258,1.3436536534205793E-31,1.0965714742484193E-31,1.409148702105226E-32,-2.736647262446022E-31,1.1990492052509555E-32,-6.517259128336743E-32
2.0943951023931957,1.385121424444651E-31,1.1304138075683505E-31,8.64901222761781E-33,-2.70109078403787E-31,1.2360542011167404E-32,-6.718394449593215E-32
2.126128361520365,1.4268646485960407E-31,1.1644809414097285E-31,4.030262489657683E-33,-2.662394200426223E-31,1.273305005753702E-32,-6.92086582899512E-32
2.1578616206475347,1.4686989418853403E-31,1.1986223978406244E-31,1.847090494309792E-34,-2.621018271439158E-31,1.3106370786381339E-32,-7.123778930242318E-32
2.1895948797747042,1.5104552845468908E-31,1.2327002378517283E-31,-2.936912948266767E-33,-2.5773465479502E-31,1.3478995899668675E-32,-7.326313939680316E-32
2.221328138901874,1.5519785985571452E-31,1.2665879004528269E-31,-5.381826188891219E-33,-2.531697888781827E-31,1.3849541512643548E-32,-7.527718666696774E-32
2.2530613980290437,1.5931264090045268E-31,1.3001691102009869E-31,-7.194757506776696E-33,-2.4843375657644336E-31,1.42167362081612E-32,-7.727302050827508E-32
2.284794657156213,1.6337676136569834E-31,1.3333368730299757E-31,-8.417715812254555E-33,-2.435486879495056E-31,1.4579410056550175E-32,-7.924428193664733E-32
2.3165279162833827,1.6737813708528165E-31,1.3659925686452741E-31,-9.089930392706841E-33,-2.3853313406942585E-31,1.493648469139311E-32,-8.118510964682361E-32
2.3482611754105527,1.7130561066375617E-31,1.398045140236574E-31,-9.247896405247219E-33,-2.3340275416326726E-31,1.528696444939513E-32,-8.309009185450918E-32
2.379994434537722,1.7514886364328227E-31,1.4294103776616594E-31,-8.925488729746201E-33,-2.281708871746202E-31,1.5629928532359502E-32,-8.495422369380733E-32
2.4117276936648917,1.7889833933395814E-31,1.4600102876557288E-31,-8.15411641069188E-33,-2.228490237181113E-31,1.596452412070721E-32,-8.677286978681982E-32
2.443460952792061,1.8254517536316017E-31,1.4897725433583954E-31,-6.962898239687E-33,-2.1744719361927755E-31,1.6289960354319795E-32,-8.854173152737052E-32
2.475194211919231,1.8608114495082046E-31,1.5186300050544203E-31,-5.378846175789277E-33,-2.1197428278237915E-31,1.6605503092070553E-32,-9.0256818597169E-32
2.5069274710464007,1.8949860593416887E-31,1.5465203041590428E-31,-3.427047763772474E-33,-2.0643829142334876E-31,1.6910470362885132E-32,-9.191442424076093E-32
2.53866073017357,1.9279045662030576E-31,1.5733854829253477E-31,-1.1308419030708986E-33,-2.0084654398382675E-31,1.7204228426131323E-32,-9.35111038522662E-32
2.57039398930074,1.9595009761952577E-31,1.5991716829612323E-31,1.4880154310055344E-33,-1.9520585943252619E-31,1.7486188365684726E-32,-9.504365646297684E-32
2.6021272484279097,1.989713988950657E-31,1.6238288763192797E-31,4.4091973535938535E-33,-1.895226892220424E-31,1.7755803149527385E-32,-9.65091087592078E-32
2.633860507555079,2.018486713491212E-31,1.6473106336063945E-31,7.613664904627612E-33,-1.8380322892197153E-31,1.8012565094136245E-32,-9.790470130034947E-32
2.6655937666822487,2.0457664234496528E-31,1.6695739242170918E-31,1.1083538629625414E-32,-1.7805350848835235E-31,1.8256003680128117E-32,-9.922787664611435E-32
2.6973270258094186,2.0715043464004843E-31,1.6905789444039768E-31,1.480198253523826E-32,-1.7227946524093684E-31,1.8485683672293067E-32,-1.0047626913824701E-31
2.729060284936588,2.0956554827278826E-31,1.71028896945384E-31,1.8753099774286387E-32,-1.664870028829097E-31,1.870120350320769E-32,-1.0164769611489637E-31
2.7607935440637577,2.118178450065816E-31,1.7286702267334583E-31,2.292183926237352E-32,-1.6068203929137871E-31,1.8902193885048626E-32,-1.0274015036534016E-31
2.792526803190927,2.1390353498873643E-31,1.7456917868113367E-31,2.7293912357978785E-32,-1.548705453114754E-31,1.9088316619068896E-32,-1.0375179365901903E-31
2.824260062318097,2.158191653292426E-31,1.7613254702479656E-31,3.185571872150443E-32,-1.490585763832899E-31,1.9259263576381698E-32,-1.04680951205787E-31
2.8559933214452666,2.175616103462969E-31,1.7755457679882812E-31,3.6594280487059575E-32,-1.432522985042218E-31,1.9414755827497483E-32,-1.055261069246072E-31
2.887726580572436,2.1912806326178162E-31,1.7883297735875013E-31,4.1497183920098063E-32,-1.3745800976535267E-31,1.9554542901241212E-32,-1.0628589941551944E-31
2.9194598396996057,2.205160291618229E-31,1.7996571257614901E-31,4.6552527784612884E-32,-1.3168215848828335E-31,1.9678402156572292E-32,-1.0695911854522863E-31
2.9511930988267756,2.2172331906551525E-31,1.8095099599807847E-31,5.17488776994512E-32,-1.259313588190219E-31,1.9786138253282217E-32,-1.0754470257019816E-31
2.982926357953945,2.227480449694002E-31,1.8178728680282988E-31,5.707522581978642E-32,-1.2021240450049165E-31,1.987758270978763E-32,-1.0804173573303493E-31
3.0146596170811146,2.2358861575692683E-31,1.8247328646155243E-31,6.252095523426013E-32,-1.1453228143851201E-31,1.995259353807559E-32,-1.0844944627838863E-31
3.0463928762082846,2.242437338813403E-31,1.8300793603115384E-31,6.807580851887875E-32,-1.0889817959289055E-31,2.0011054947711265E-32,-1.0876720484404186E-31
3.078126135335454,2.2471239274765263E-31,1.8339041401768287E-31,7.372985993412171E-32,-1.0331750466165346E-31,2.0052877112207253E-32,-1.0899452319105705E-31
3.1098593944626236,2.249938747350173E-31,1.836201347623716E-31,7.947349079139484E-32,-9.779788997876404E-32,2.0077995992536983E-32,-1.0913105324453965E-31
3.141592653589793,2.2508774981505226E-31,1.8369674731400682E-31,8.529736754816929E-32,-9.234720901183112E-32,2.0086373213839027E-32,-1.0917658642347359E-31
