% Model:              2D-Au-Plate_from_psi.mph
% Version:            COMSOL 6.2.0.339
% Date:               Dec 20 2025, 18:26
% Dimension:          1
% Nodes:              100
% Expressions:        6
% Description:        Table graph
% psi,real(mx) (m^2*A),imag(mx) (m^2*A),real(my) (m^2*A),imag(my) (m^2*A),real(mz) (m^2*A),imag(mz) (m^2*A)
0,-2.1090378625192477E-23,-8.269497163692142E-24,-2.0511345517687578E-23,5.1977998999975736E-23,1.0522955544607594E-23,-2.879318458664187E-24
0.03173325912716963,-2.0574475490684125E-23,-9.611140064496508E-24,-2.0502791057467078E-23,5.195632105961704E-23,1.0710039935646687E-23,-2.2128342561420445E-24
0.06346651825433926,-2.0077003165530172E-23,-1.0957652958548726E-23,-2.0477140730850868E-23,5.189132031892837E-23,1.090564181685429E-23,-1.5497761091306024E-24
0.0951997773815089,-1.9598856210825328E-23,-1.2307025456376812E-23,-2.0434433724607128E-23,5.1783096081471495E-23,1.1109527759139247E-23,-8.911776939104572E-25
0.12693303650867852,-1.914099430123064E-23,-1.365726369267539E-23,-2.0374735432648333E-23,5.163181406259914E-23,1.1321494228535154E-23,-2.3808505340667866E-25
0.15866629563584814,-1.870444479451144E-23,-1.5006386577900174E-23,-2.0298137581947268E-23,5.1437706708513815E-23,1.1541367499049348E-23,4.084412159259872E-25
0.1903995547630178,-1.8290305790726005E-23,-1.6352421932644208E-23,-2.020475841274363E-23,5.1201073652955886E-23,1.1769003720797049E-23,1.0473235910061616E-24
0.2221328138901874,-1.7899749722104642E-23,-1.7693402407513774E-23,-2.009474291712037E-23,5.0922282321760545E-23,1.2004289131260507E-23,1.6774650134272674E-24
0.25386607301735703,-1.7534027517430964E-23,-1.9027361083064264E-23,-1.996826314127361E-23,5.06017686988573E-23,1.2247140396233857E-23,2.2977459918491544E-24
0.28559933214452665,-1.7194473387401057E-23,-2.03523266335643E-23,-1.982551855826931E-23,5.024003827087324E-23,1.2497505064931532E-23,2.907021357220136E-24
0.3173325912716963,-1.688251027981563E-23,-2.1666317924435956E-23,-1.966673651962138E-23,4.983766717147534E-23,1.2755362120646332E-23,3.504116606521131E-24
0.3490658503988659,-1.6599656055081406E-23,-2.2967337895744422E-23,-1.9492172795782087E-23,4.9395303551043603E-23,1.3020722603953554E-23,4.087823763506185E-24
0.3807991095260356,-1.634753043298383E-23,-2.4253366562570183E-23,-1.9302112217621084E-23,4.8913669202236523E-23,1.329363027942188E-23,4.65689667645703E-24
0.4125323686532052,-1.6127862760210386E-23,-2.5522352936711203E-23,-1.909686943318185E-23,4.8393561477701874E-23,1.3574162308642223E-23,5.210045663212963E-24
0.4442656277803748,-1.594250064382097E-23,-2.6772205642261374E-23,-1.8876789796567928E-23,4.783585554261542E-23,1.386242988153428E-23,5.745931402654004E-24
0.47599888690754444,-1.5793419487387467E-23,-2.800078195921513E-23,-1.8642250408713032E-23,4.7241507012097756E-23,1.415857874357323E-23,6.263157959427586E-24
0.5077321460347141,-1.568273295214786E-23,-2.9205874983373486E-23,-1.8393661333101677E-23,4.661155503198974E-23,1.4462789537819976E-23,6.760264815141523E-24
0.5394654051618837,-1.5612704342805072E-23,-3.038519853638736E-23,-1.8131467013321345E-23,4.5947125871084893E-23,1.477527785619069E-23,7.2357177647701E-24
0.5711986642890533,-1.558575888324214E-23,-3.153636939565087E-23,-1.7856147923649E-23,4.5249437103892827E-23,1.509629386268309E-23,7.687898522150698E-24
0.6029319234162229,-1.5604496797049362E-23,-3.265688633890947E-23,-1.756822248878982E-23,4.4519802475475486E-23,1.5426121310276785E-23,8.11509286406028E-24
0.6346651825433925,-1.567170703539492E-23,-3.374410541214685E-23,-1.726824931445388E-23,4.375963755395915E-23,1.5765075720437783E-23,8.51547712987464E-24
0.6663984416705622,-1.5790381392440942E-23,-3.479521073131637E-23,-1.6956829776606711E-23,4.297046629199306E-23,1.6113501426453097E-23,8.887102885445134E-24
0.6981317007977318,-1.5963728605715053E-23,-3.58071800197943E-23,-1.6634611024088524E-23,4.215392863571369E-23,1.6471767095381467E-23,9.227879558965307E-24
0.7298649599249014,-1.6195187841591823E-23,-3.6776743966617194E-23,-1.6302289456598002E-23,4.1311789338328064E-23,1.6840259233644683E-23,9.53555486830401E-24
0.7615982190520711,-1.6488440696230485E-23,-3.770033837156332E-23,-1.5960614747668444E-23,4.0445948154787024E-23,1.721937304284496E-23,9.807692891010041E-24
0.7933314781792408,-1.6847420476543173E-23,-3.857404793245357E-23,-1.5610394489837502E-23,3.9558451613147783E-23,1.7609499819327206E-23,1.0041649690766317E-23
0.8250647373064104,-1.7276317034557607E-23,-3.9393540445840145E-23,-1.5252499545995523E-23,3.865150657548166E-23,1.8011009877119008E-23,1.0234546522983195E-23
0.85679799643358,-1.7779574775556755E-23,-4.015399016406649E-23,-1.4887870195895457E-23,3.772749581380309E-23,1.8424229713677435E-23,1.0383240819326035E-23
0.8885312555607496,-1.836188060264451E-23,-4.0849989125982537E-23,-1.4517523168317604E-23,3.678899583034321E-23,1.884941182812411E-23,1.0484295426605671E-23
0.9202645146879193,-1.902813744990589E-23,-4.1475445526571944E-23,-1.4142559644946268E-23,3.5838797140257974E-23,1.9286695244329562E-23,1.0533946990882249E-23
0.9519977738150889,-1.978341764525252E-23,-4.2023468718256894E-23,-1.3764174307938183E-23,3.487992719914672E-23,1.973605439830314E-23,1.0528074987544429E-23
0.9837310329422585,-2.0632888594840534E-23,-4.2486241397172906E-23,-1.3383665474121006E-23,3.391567608424315E-23,2.0197233650592792E-23,1.0462173772529916E-23
1.0154642920694281,-2.1581701186919425E-23,-4.285488113656122E-23,-1.3002446307439668E-23,3.294962490795863E-23,2.066966433913784E-23,1.033133125383316E-23
1.0471975511965979,-2.2634828932651187E-23,-4.311929597657339E-23,-1.262205701735415E-23,3.1985676729979813E-23,2.115236110240464E-23,1.0130219451102214E-23
1.0789308103237674,-2.3796843376117338E-23,-4.3268042635089305E-23,-1.2244177821342694E-23,3.102808940566381E-23,2.1643794353062299E-23,9.853104415015655E-24
1.110664069450937,-2.507160910614457E-23,-4.3288201499714047E-23,-1.1870642257704475E-23,3.0081509322143284E-23,2.2141736544233577E-23,9.493885771629907E-24
1.1423973285781066,-2.6461880510818957E-23,-4.316529032891604E-23,-1.1503450161582779E-23,2.915100428099142E-23,2.2643081646581713E-23,9.046179498832341E-24
1.1741305877052763,-2.796878343533583E-23,-4.2883248813982276E-23,-1.114477924336602E-23,2.8242092839160277E-23,2.3143640591574734E-23,8.503461195445973E-24
1.2058638468324459,-2.959116996570877E-23,-4.2424538684014424E-23,-1.0796993720771065E-23,2.736076618362491E-23,2.3637920997968303E-23,7.859290483782141E-24
1.2375971059596156,-3.132484617590263E-23,-4.177041781362457E-23,-1.0462647855943162E-23,2.6513497094784385E-23,2.4118907949154394E-23,7.107639161461592E-24
1.269330365086785,-3.3161693824784834E-23,-4.090145915749526E-23,-1.014448157073055E-23,2.5707228835086186E-23,2.4577874313489E-23,6.243344403089646E-24
1.3010636242139548,-3.508874037111505E-23,-3.979839122801741E-23,-9.845404645679144E-24,2.4949335107547223E-23,2.500426368346899E-23,5.262700976560422E-24
1.3327968833411243,-3.7087278082454144E-23,-3.844332824545289E-23,-9.568465520493619E-24,2.4247540992697006E-23,2.5385704453744524E-23,4.164189763087073E-24
1.364530142468294,-3.913218865573077E-23,-3.6821424548714563E-23,-9.316800673285349E-24,2.3609794670048865E-23,2.5708225382711617E-23,2.9493109019233898E-24
1.3962634015954636,-4.119168296194803E-23,-3.4922919095874356E-23,-9.093561316739211E-24,2.3044081658129692E-23,2.5956743723391927E-23,1.6234480208832391E-24
1.4279966607226333,-4.322769445378903E-23,-3.2745427826254646E-23,-8.90181607932918E-24,2.2558178198029342E-23,2.611587706727022E-23,1.966399692066259E-25
1.4597299198498028,-4.519713952943743E-23,-3.029620532005278E-23,-8.744431663093265E-24,2.2159348827100345E-23,2.6171081047772313E-23,-1.3159088967174018E-24
1.4914631789769726,-4.7054150850365554E-23,-2.7593966857366516E-23,-8.62393803347413E-24,2.1854004755232598E-23,2.6110036104541255E-23,-2.8937682511917375E-24
1.5231964381041423,-4.87531932406185E-23,-2.4669794716030128E-23,-8.542389751835698E-24,2.1647352466245043E-23,2.5924111333936354E-23,-4.511828970141257E-24
1.5549296972313118,-5.02527204420523E-23,-2.156671048941804E-23,-8.501239224528108E-24,2.1543072517111533E-23,2.5609653094592678E-23,-6.141521011741726E-24
1.5866629563584815,-5.1518805250827634E-23,-1.8337710290237027E-23,-8.501239224527682E-24,2.154307251711059E-23,2.5168820806004728E-23,-7.752617054793241E-24
1.618396215485651,-5.2528077140942506E-23,-1.5042397892737687E-23,-8.542389751835769E-24,2.1647352466245725E-23,2.460975174491137E-23,-9.315378047291851E-24
1.6501294746128208,-5.326940003811824E-23,-1.1742705767982932E-23,-8.62393803347408E-24,2.1854004755232992E-23,2.3945976868864468E-23,-1.0802688177849965E-23
1.6818627337399903,-5.374400604688933E-23,-8.498428823621623E-24,-8.744431663093066E-24,2.2159348827100448E-23,2.319518662029911E-23,-1.219181762835318E-23
1.71359599286716,-5.396416824593532E-23,-5.3633158436805484E-24,-8.901816079329132E-24,2.2558178198029242E-23,2.2377593280631153E-23,-1.3465549422021712E-23
1.7453292519943295,-5.395080918441558E-23,-2.382270295613215E-24,-9.093561316739384E-24,2.3044081658129898E-23,2.151420182252821E-23,-1.46125715785374E-23
1.7770625111214993,-5.373059938706937E-23,4.1010278063559935E-25,-9.316800673285904E-24,2.360979467004913E-23,2.06252714069302E-23,-1.5627202773208327E-23
1.8087957702486688,-5.333308078358872E-23,2.9896782910787097E-24,-9.568465520493028E-24,2.4247540992696874E-23,1.972915259003903E-23,-1.6508634258315216E-23
1.8405290293758385,-5.2788204995479935E-23,5.342008847334097E-24,-9.845404645679232E-24,2.4949335107546938E-23,1.8841567912175923E-23,-1.7259911428857268E-23
1.872262288503008,-5.212448665945219E-23,7.46091073727307E-24,-1.0144481570730614E-23,2.5707228835085825E-23,1.797530606104364E-23,-1.7886856267020734E-23
1.9039955476301778,-5.136780467814346E-23,9.346787406206941E-24,-1.0462647855943573E-23,2.651349709478404E-23,1.714024174498416E-23,-1.8397074985791256E-23
1.9357288067573473,-5.054077310432661E-23,1.1004956906222218E-23,-1.0796993720771065E-23,2.736076618362474E-23,1.6343574337623513E-23,-1.879913120027716E-23
1.967462065884517,-4.966255113554756E-23,1.2444150851049385E-23,-1.1144779243365625E-23,2.824209283915954E-23,1.5590186670405073E-23,-1.9101911729362652E-23
1.9991953250116865,-4.874895397862716E-23,1.3675265823311164E-23,-1.1503450161582761E-23,2.9151004280991584E-23,1.4883047299244382E-23,-1.9314176479138784E-23
2.0309285841388562,-4.781274435829023E-23,1.4710385759044716E-23,-1.1870642257704074E-23,3.008150932214231E-23,1.4223604497466556E-23,-1.9444264947244808E-23
2.0626618432660258,-4.6864012647411145E-23,1.5562055992788504E-23,-1.2244177821342863E-23,3.10280894056643E-23,1.361214200984919E-23,-1.9499925397666365E-23
2.0943951023931957,-4.59105820863932E-23,1.6242771278765098E-23,-1.2622057017354625E-23,3.1985676729979314E-23,1.3048082889561537E-23,-1.9488233866647383E-23
2.126128361520365,-4.495839947593215E-23,1.67646347980731E-23,-1.3002446307439943E-23,3.294962490795761E-23,1.2530238500563217E-23,-1.9415574997616192E-23
2.1578616206475347,-4.4011889611347125E-23,1.7139147372742612E-23,-1.33836654741211E-23,3.3915676084242935E-23,1.2057006035846707E-23,-1.928766270533593E-23
2.1895948797747042,-4.3074263956571424E-23,1.737709185797288E-23,-1.3764174307937798E-23,3.487992719914713E-23,1.1626520967839477E-23,-1.910958441046083E-23
2.221328138901874,-4.214778175291712E-23,1.748848448976496E-23,-1.4142559644946993E-23,3.583879714025859E-23,1.1236771859425352E-23,-1.8885857429134287E-23
2.2530613980290437,-4.1233966163318344E-23,1.748257147278354E-23,-1.45175231683175E-23,3.678899583034296E-23,1.0885684791353651E-23,-1.8620489882971986E-23
2.284794657156213,-4.0333780242737916E-23,1.7367854692681467E-23,-1.4887870195895498E-23,3.7727495813802905E-23,1.0571183895210728E-23,-1.8317041286957612E-23
2.3165279162833827,-3.944776832281733E-23,1.7152134954165375E-23,-1.5252499545995394E-23,3.865150657548145E-23,1.029123348854415E-23,-1.7978679946232277E-23
2.3482611754105527,-3.8576168384302843E-23,1.684256463234101E-23,-1.5610394489837538E-23,3.9558451613147254E-23,1.004386629941239E-23,-1.7608235634454715E-23
2.379994434537722,-3.7719000548270496E-23,1.6445704228250633E-23,-1.5960614747668787E-23,4.0445948154787306E-23,9.827201347310173E-24,-1.720824690409946E-23
2.4117276936648917,-3.687613618708293E-23,1.5967579212965976E-23,-1.6302289456598628E-23,4.1311789338329063E-23,9.639454259033409E-24,-1.6781002928633134E-23
2.443460952792061,-3.6047351479505986E-23,1.5413734890670328E-23,-1.663461102408837E-23,4.215392863571337E-23,9.478942149356131E-24,-1.6328580101417978E-23
2.475194211919231,-3.523236858845376E-23,1.478928794779706E-23,-1.6956829776606238E-23,4.29704662919931E-23,9.344084677346485E-24,-1.5852873791819905E-23
2.5069274710464007,-3.443088706116905E-23,1.4098973992825002E-23,-1.7268249314454108E-23,4.375963755395901E-23,9.233402482219139E-24,-1.5355625738533288E-23
2.53866073017357,-3.3642607553571385E-23,1.334719081447519E-23,-1.756822248879002E-23,4.4519802475475816E-23,9.145513888496037E-24,-1.4838447580088187E-23
2.57039398930074,-3.286724956291447E-23,1.2538037358156848E-23,-1.7856147923648096E-23,4.5249437103891986E-23,9.079130530711352E-24,-1.4302841007354973E-23
2.6021272484279097,-3.21045645094456E-23,1.1675348587961762E-23,-1.8131467013321015E-23,4.594712587108591E-23,9.033052367076424E-24,-1.3750214988599392E-23
2.633860507555079,-3.13543452288745E-23,1.0762726497565092E-23,-1.8393661333101883E-23,4.6611555031989586E-23,9.006162416218996E-24,-1.3181900474468731E-23
2.6655937666822487,-3.0616432713502496E-23,9.803567581840436E-24,-1.8642250408713558E-23,4.7241507012097615E-23,8.997421450677134E-24,-1.2599162944481661E-23
2.6973270258094186,-2.98907207611059E-23,8.801087098273366E-24,-1.887678979656866E-23,4.7835855542615525E-23,9.00586280687128E-24,-1.200321311184099E-23
2.729060284936588,-2.917715904912676E-23,7.758340444976664E-24,-1.909686943318172E-23,4.8393561477701004E-23,9.030587417266333E-24,-1.139521606171812E-23
2.7607935440637577,-2.847575503991601E-23,6.678241967948259E-24,-1.930211221762177E-23,4.89136692022365E-23,9.070759131356714E-24,-1.0776299060534084E-23
2.792526803190927,-2.77865750349474E-23,5.563581489610155E-24,-1.949217279578229E-23,4.939530355104284E-23,9.125600364147849E-24,-1.014755824050582E-23
2.824260062318097,-2.71097446272045E-23,4.417038826929179E-24,-1.9666736519621216E-23,4.983766717147605E-23,9.194388091075438E-24,-9.510064334777474E-24
2.8559933214452666,-2.6445448747169923E-23,3.2411965429686975E-24,-1.9825518558269797E-23,5.0240038270873003E-23,9.276450194633223E-24,-8.864867613552558E-24
2.887726580572436,-2.5793931456229975E-23,2.0385511518251947E-24,-1.9968263141273725E-23,5.0601768698856734E-23,9.371162158742138E-24,-8.213002150412619E-24
2.9194598396996057,-2.515549560891382E-23,8.115229745089468E-25,-2.0094742917120596E-23,5.0922282321761074E-23,9.477944100877053E-24,-7.555489530058396E-24
2.9511930988267756,-2.453050248058978E-23,-4.37535177166766E-25,-2.0204758412744097E-23,5.1201073652955786E-23,9.596258128270854E-24,-6.893342093644325E-24
2.982926357953945,-2.3919371438257796E-23,-1.706330329969966E-24,-2.0298137581947257E-23,5.143770670851412E-23,9.725606002468526E-24,-6.227565805331066E-24
3.0146596170811146,-2.3322579717698508E-23,-2.9926225493061045E-24,-2.037473543264861E-23,5.163181406259858E-23,9.865527095614548E-24,-5.559162813329488E-24
3.0463928762082846,-2.2740662359660783E-23,-4.2942188812911015E-24,-2.0434433724606852E-23,5.178309608147141E-23,1.001559662175371E-23,-4.889133770262885E-24
3.078126135335454,-2.2174212349968152E-23,-5.608967919968558E-24,-2.0477140730851232E-23,5.189132031892883E-23,1.0175424126842391E-23,-4.2184799708931634E-24
3.1098593944626236,-2.162388100308965E-23,-6.934754892596281E-24,-2.05027910574668E-23,5.19563210596176E-23,1.0344652221898264E-23,-3.548205359935866E-24
3.141592653589793,-2.1090378625192186E-23,-8.26949716369212E-24,-2.0511345517687587E-23,5.1977998999975113E-23,1.0522955544607594E-23,-2.8793184586641907E-24
