% Model:              2D-Au-Plate_fromR.mph
% Version:            COMSOL 6.2.0.339
% Date:               Dec 20 2025, 18:29
% Dimension:          1
% Nodes:              151
% Expressions:        6
% Description:        Table graph
% R0 (nm),real(mx) (m^2*A),imag(mx) (m^2*A),real(my) (m^2*A),imag(my) (m^2*A),real(mz) (m^2*A),imag(mz) (m^2*A)
90,-8.083971668926444E-24,-3.110831941100029E-24,-8.215342462953311E-24,3.842400968168351E-24,1.651557958164781E-24,-2.3728328129749798E-24
90.5,-8.439697992438668E-24,-3.1626054588674593E-24,-8.509695353749655E-24,4.068193973806841E-24,1.722185079405154E-24,-2.4775257388875887E-24
91,-8.811771602198083E-24,-3.2107015825694665E-24,-8.812983013763353E-24,4.308446364942434E-24,1.7958806364486007E-24,-2.587079417561582E-24
91.5,-9.200969237578063E-24,-3.2544898407094606E-24,-9.125296349493482E-24,4.564155678509642E-24,1.8727937257425374E-24,-2.701758944797854E-24
91.99999999999999,-9.608093601866867E-24,-3.2932710356676605E-24,-9.44669501066065E-24,4.836386114232368E-24,1.953082145346574E-24,-2.8218485995206245E-24
92.49999999999999,-1.0033979463526746E-23,-3.326265622711116E-24,-9.77720369462755E-24,5.126280910670287E-24,2.036912824024961E-24,-2.9476517623941336E-24
93,-1.0479490838413987E-23,-3.352612293312483E-24,-1.0116808903129506E-23,5.4350600138258455E-24,2.124463341222794E-24,-3.079494639527745E-24
93.5,-1.094551761422771E-23,-3.3713510207216554E-24,-1.0465444548527537E-23,5.7640310877500674E-24,2.215921681496949E-24,-3.217726487279475E-24
94,-1.143297283298903E-23,-3.3814249768150774E-24,-1.0822991315942543E-23,6.114584202739988E-24,2.3114870833523328E-24,-3.36272227587162E-24
94.5,-1.1942794571752612E-23,-3.3816589814507694E-24,-1.1189263122211773E-23,6.4882102998464445E-24,2.4113722112173995E-24,-3.514886371756097E-24
94.99999999999999,-1.2475937202992162E-23,-3.370755744682877E-24,-1.1563997764852733E-23,6.886496070300708E-24,2.515802175314899E-24,-3.674653318332621E-24
95.49999999999999,-1.3033367724576521E-23,-3.3472799679164094E-24,-1.1946843330051214E-23,7.311133533011437E-24,2.6250172387395216E-24,-3.842492180429994E-24
96,-1.3616062232788006E-23,-3.3096526774008995E-24,-1.2337351020539612E-23,7.763919045024885E-24,2.7392726190780508E-24,-4.018909122805373E-24
96.5,-1.4224988800330678E-23,-3.256124327269541E-24,-1.2734946481874666E-23,8.246762084265544E-24,2.8588407162034904E-24,-4.204452666171105E-24
97,-1.4861105921896805E-23,-3.1847760090539864E-24,-1.3138927266151154E-23,8.761682097051556E-24,2.9840120344001503E-24,-4.399716733873835E-24
97.5,-1.5525356319012594E-23,-3.093494940672408E-24,-1.354844042912756E-23,9.31082256357754E-24,3.1150958472108603E-24,-4.605343863675057E-24
97.99999999999999,-1.6218638145280344E-23,-2.9799555213793637E-24,-1.396245198816318E-23,9.896440415032502E-24,3.252423690314638E-24,-4.822034344420694E-24
98.49999999999999,-1.6941799832961276E-23,-2.841610686702697E-24,-1.4379735150021876E-23,1.0520911118372957E-23,3.39634913822206E-24,-5.050549535640354E-24
98.99999999999999,-1.7695608884049414E-23,-2.6756696118662907E-24,-1.479883426490399E-23,1.1186720810934624E-23,3.5472504204897005E-24,-5.291720297788488E-24
99.5,-1.8480739800353128E-23,-2.4790857864143702E-24,-1.5218046246268747E-23,1.1896464466865445E-23,3.7055326082069795E-24,-5.546453638423016E-24
100,-1.9297734661420868E-23,-2.248531613068941E-24,-1.5635377693849984E-23,1.2652838982266955E-23,3.871629020154254E-24,-5.81574288506316E-24
100.5,-2.014698384101773E-23,-1.980387938223883E-24,-1.6048521388432336E-23,1.3458633000408946E-23,4.046004664994906E-24,-6.100677081871599E-24
100.99999999999999,-2.1028675210039124E-23,-1.670729546484368E-24,-1.6454813462787053E-23,1.431670210210679E-23,4.229158382913392E-24,-6.402454092258778E-24
101.49999999999999,-2.1942755436134277E-23,-1.3153093431626012E-24,-1.6851194172570007E-23,1.5229951274767788E-23,4.421624708058554E-24,-6.72239244088695E-24
101.99999999999999,-2.2888882138027643E-23,-9.095476798907976E-25,-1.7234167832693522E-23,1.6201310531267806E-23,4.6239772859883605E-24,-7.061946617511172E-24
102.5,-2.3866369956889805E-23,-4.485328621546109E-25,-1.7599766123986047E-23,1.7233693081262272E-23,4.836832642209134E-24,-7.422727374026413E-24
103,-2.4874108930918907E-23,7.298642506849038E-26,-1.7943486051726223E-23,1.8329943704516404E-23,5.060852365403276E-24,-7.806522751519733E-24
103.5,-2.5910527897475887E-23,6.605958465277753E-25,-1.8260267935888555E-23,1.9492809486926875E-23,5.296747520712299E-24,-8.215316334644303E-24
103.99999999999999,-2.697348728340308E-23,1.3201900625821257E-24,-1.8544444886361333E-23,2.0724844436138747E-23,5.545281789331836E-24,-8.651328413999496E-24
104.49999999999999,-2.8060215378458555E-23,2.0579563858645482E-24,-1.878970348448371E-23,2.202835544708659E-23,5.807273656814611E-24,-9.117037119079789E-24
104.99999999999999,-2.916719191658643E-23,2.8803213387712854E-24,-1.898904420702585E-23,2.3405279025354015E-23,6.083601096708284E-24,-9.615217722411939E-24
105.5,-3.029009720955852E-23,3.793910341709994E-24,-1.9134779229235252E-23,2.4857121397315936E-23,6.375203902686478E-24,-1.0149002908914923E-23
106,-3.142367852044789E-23,4.8054556179431756E-24,-1.921850193176343E-23,2.6384794207579823E-23,6.683087492037665E-24,-1.072192411424633E-23
106.5,-3.256167462843802E-23,5.921722963200398E-24,-1.9231089469942436E-23,2.798851780563546E-23,7.00832149872338E-24,-1.1337982343118551E-23
106.99999999999999,-3.3696729699138167E-23,7.149358706465329E-24,-1.9162750334996108E-23,2.9667647825217525E-23,7.352041676398145E-24,-1.2001723120654814E-23
107.49999999999999,-3.48202701099543E-23,8.494757718562135E-24,-1.9003041288594535E-23,3.14205021795155E-23,7.715444636738206E-24,-1.271834731884341E-23
107.99999999999999,-3.592249419946335E-23,9.963897692212962E-24,-1.8740970772414984E-23,3.3244236714932803E-23,8.09978624691573E-24,-1.3493813768573852E-23
108.5,-3.6992321467589426E-23,1.1562165926163057E-23,-1.836508725984501E-23,3.5134689439154955E-23,8.506363765492234E-24,-1.4334966159835862E-23
109,-3.8017349760316796E-23,1.3294054538508836E-23,-1.7863671573944128E-23,3.7086143678435385E-23,8.936500518365675E-24,-1.524972520593241E-23
109.5,-3.8983895843991754E-23,1.5162971776405937E-23,-1.7224906553136685E-23,3.909122643560051E-23,9.391510790737106E-24,-1.6247306380148428E-23
109.99999999999999,-3.987703987498193E-23,1.71710002891662E-23,-1.643706365315021E-23,4.114077648166077E-23,9.872651779972136E-24,-1.7338463842587143E-23
110.49999999999999,-4.068079898180108E-23,1.9318551060623706E-23,-1.548888444639461E-23,4.322372667412464E-23,1.0381051106511349E-23,-1.853582455399508E-23
110.99999999999999,-4.137826424539331E-23,2.1604137685833058E-23,-1.4369824414553098E-23,4.532704848397103E-23,1.0917593780179333E-23,-1.9854290465592755E-23
111.5,-4.1951921674406495E-23,2.4024149896484704E-23,-1.3070447151717011E-23,4.7435828873578464E-23,1.148276176829113E-23,-2.1311580478070056E-23
112,-4.2383817585756037E-23,2.657260022715501E-23,-1.1582706659667345E-23,4.953321650752297E-23,1.20763745411022E-23,-2.292886620501714E-23
112.5,-4.265612385123858E-23,2.924095413629274E-23,-9.90046798008142E-24,5.1600698049508397E-23,1.2697238689116262E-23,-2.4731610631183532E-23
112.99999999999999,-4.2751425798607894E-23,3.2018083809757915E-23,-8.019726763005253E-24,5.361829167955135E-23,1.3342581980988545E-23,-2.6750684206515203E-23
113.49999999999999,-4.265323237849046E-23,3.489018936051132E-23,-5.9390272298264345E-24,5.556484151995937E-23,1.4007230383031934E-23,-2.902374507193554E-23
113.99999999999999,-4.2346461210339325E-23,3.7840968862511824E-23,-3.659661879185274E-24,5.741848862339235E-23,1.4682346184846122E-23,-3.1597028278481963E-23
114.5,-4.181792359581623E-23,4.0851748012603233E-23,-1.1859223559319284E-24,5.915710677980012E-23,1.5353476664859627E-23,-3.4527805647669776E-23
115,-4.105674103609426E-23,4.390182378748056E-23,1.474869185855847E-24,6.075884180331808E-23,1.5997544171048585E-23,-3.788736335844921E-23
115.5,-4.005468661345362E-23,4.696885612921425E-23,4.3124022891735275E-24,6.220261553917586E-23,1.6578128299490865E-23,-4.1765022309209183E-23
115.99999999999999,-3.880655365194579E-23,5.00293680787976E-23,7.31348049142907E-24,6.346874285149812E-23,1.703789088215152E-23,-4.627308446001077E-23
116.49999999999999,-3.731030242899482E-23,5.305929892567519E-23,1.0462327173309379E-23,6.453941458082451E-23,1.7286445302507978E-23,-5.155275685619119E-23
116.99999999999999,-3.556704165370235E-23,5.603455125600204E-23,1.3740971005021954E-23,6.539905843679037E-23,1.7180538169929686E-23,-5.778026604291725E-23
117.5,-3.358107389132227E-23,5.893163875550894E-23,1.7129707217481357E-23,6.603481842474281E-23,1.649144967175407E-23,-6.51710611600908E-23
118,-3.135946858395966E-23,6.17281929990152E-23,2.0607726468603378E-23,6.643660755120466E-23,1.485160295418643E-23,-7.397575000969597E-23
118.5,-2.8912010516280404E-23,6.440343561677126E-23,2.4153508267816376E-23,6.659738654502562E-23,1.1668614628333861E-23,-8.445135783003822E-23
118.99999999999999,-2.6250481540638946E-23,6.693859060608166E-23,2.7745603390178975E-23,6.65129318113725E-23,5.996364329806692E-24,-9.676981641696838E-23
119.49999999999999,-2.3388461423315407E-23,6.93170949985174E-23,3.136292547578838E-23,6.618185529111101E-23,-3.626190592571895E-24,-1.1077914045896581E-22
120,-2.0340506209254283E-23,7.15248950131318E-23,3.498553281752447E-23,6.560522138282477E-23,-1.9255467085099828E-23,-1.254692722759394E-22
120.49999999999999,-1.712184632704527E-23,7.35502547229212E-23,3.859468640499607E-23,6.478615664410922E-23,-4.31316501088468E-23,-1.3801953075851558E-22
121,-1.3747755056994104E-23,7.538384191897797E-23,4.2173382382330573E-23,6.372952522445331E-23,-7.591298972210868E-23,-1.4289135877545073E-22
121.49999999999999,-1.0233201902112721E-23,7.701847927445362E-23,4.570637769535706E-23,6.244147574635086E-23,-1.132865812523876E-22,-1.3315373131194544E-22
121.99999999999999,-6.5922992871635105E-24,7.844884261420125E-23,4.918038920017849E-23,6.092883628564449E-23,-1.4479767114974556E-22,-1.0639609786708871E-22
122.5,-2.8381099155212786E-24,7.967110701473424E-23,5.258396421590271E-23,5.919875025649608E-23,-1.607213359602446E-22,-6.977547069529365E-23
122.99999999999999,1.017641498822152E-24,8.068263531894776E-23,5.590746384002657E-23,5.725825015625206E-23,-1.603305802387619E-22,-3.464316911723429E-23
123.5,4.964630906058806E-24,8.148140599497008E-23,5.91427140755608E-23,5.511381321701526E-23,-1.498367202434136E-22,-7.61420546834118E-24
123.99999999999999,8.99415223623454E-24,8.206568444477045E-23,6.228291918475546E-23,5.2770991498108216E-23,-1.355940169232039E-22,1.0661260106573737E-23
124.5,1.3098852256682019E-23,8.243361468247191E-23,6.532220479001405E-23,5.0234318675983997E-23,-1.2129022158790593E-22,2.2155283944476255E-23
125,1.7272839573816695E-23,8.258263440473243E-23,6.825527507316511E-23,4.7506811635685635E-23,-1.084339387335361E-22,2.906337580852006E-23
125.49999999999999,2.1511441841606576E-23,8.250921248952309E-23,7.107709977494423E-23,4.4589990258804615E-23,-9.73988676123625E-23,3.304400716789244E-23
126,2.5810859062516822E-23,8.220842165143015E-23,7.378235075285156E-23,4.148379206360874E-23,-8.809346413273591E-23,3.51981537744814E-23
126.49999999999999,3.016800270950785E-23,8.167345245978829E-23,7.636500069036723E-23,3.8186378652717447E-23,-8.027992691007223E-23,3.6221504610430166E-23
127,3.457990225391551E-23,8.08954392568438E-23,7.881777186011556E-23,3.469438236122154E-23,-7.370437772183004E-23,3.654738661662128E-23
127.49999999999999,3.9043468750930455E-23,7.986313088879947E-23,8.113178832377994E-23,3.1002888822406987E-23,-6.814078591388023E-23,3.6445583365503596E-23
127.99999999999999,4.3554681298971234E-23,7.856249362031366E-23,8.329575339501702E-23,2.7105665207062256E-23,-6.340157930392293E-23,3.60850754445599E-23
128.5,4.810816943981323E-23,7.697666582746625E-23,8.52956388337819E-23,2.2995448292114077E-23,-5.933548782726818E-23,3.557253141820274E-23
129,5.269616314690264E-23,7.508569346758745E-23,8.7113828713748E-23,1.866442526114653E-23,-5.582190645590774E-23,3.497569172719432E-23
129.5,5.73079417639845E-23,7.286676284266777E-23,8.872888452261465E-23,1.4104788691333416E-23,-5.276476250285833E-23,3.433782790724921E-23
129.99999999999997,6.192847387114985E-23,7.029393396322044E-23,9.011449556641156E-23,9.309409011175386E-24,-5.0087506947915827E-23,3.3686468596531915E-23
130.5,6.653743561491502E-23,6.733894309609165E-23,9.123932836483378E-23,4.273037678219486E-24,-4.7728769297818767E-23,3.3039111719620414E-23
130.99999999999997,7.110790157937922E-23,6.397134568750804E-23,9.206628822972981E-23,-1.0067549998720896E-24,-4.5638986321294287E-23,3.240661721757538E-23
131.5,7.560513217687264E-23,6.016002843533428E-23,9.255267626382522E-23,-6.5277799418794034E-24,-4.3777945721584156E-23,3.179563276758009E-23
132,7.998488263679933E-23,5.587429376489912E-23,9.264977489972593E-23,-1.2281430197597868E-23,-4.211271139895573E-23,3.1209899605346805E-23
132.5,8.419212053604072E-23,5.108543245361427E-23,9.230309880644732E-23,-1.82508257276862E-23,-4.061619225269163E-23,3.065124413252811E-23
133,8.816018826297455E-23,4.5770041088038834E-23,9.145391425375797E-23,-2.4408037331450242E-23,-3.9265860198031376E-23,3.012029420943762E-23
133.49999999999997,9.181095724479061E-23,3.9913623028041004E-23,9.00416930927314E-23,-3.071182442344426E-23,-3.804295596809274E-23,2.9617046593889907E-23
134,9.505395009614797E-23,3.351327792626574E-23,8.80053400753538E-23,-3.710532851331117E-23,-3.693166663800604E-23,2.914081815061637E-23
134.5,9.778843592453011E-23,2.658307654819534E-23,8.528802778476193E-23,-4.3513890406527033E-23,-3.5918691341431714E-23,2.869068064033687E-23
135,9.990635794668301E-23,1.915821453381597E-23,8.184182461898922E-23,-4.984420307712689E-23,-3.4992635360688694E-23,2.826547227175386E-23
135.5,1.0129738253874758E-22,1.129955914545895E-23,7.763396829358117E-23,-5.598461486487438E-23,-3.4143823406987225E-23,2.7864002174650757E-23
135.99999999999997,1.0185535882066758E-22,3.0964103242315204E-24,7.265291715092572E-23,-6.180750770883263E-23,-3.336390134891318E-23,2.7485010777084636E-23
136.5,1.0148695388812317E-22,-5.332124425101392E-24,6.691490722912539E-23,-6.717401654991031E-23,-3.264569442389246E-23,2.712726432961259E-23
136.99999999999997,1.0012077093252512E-22,-1.383909552190642E-23,6.046868652639827E-23,-7.194123799649418E-23,-3.198294467831222E-23,2.678952617019343E-23
137.5,9.771736223870345E-23,-2.2255212818965575E-23,5.33985044090558E-23,-7.597233770362286E-23,-3.137019589393049E-23,2.647063988222764E-23
138,9.427627480926469E-23,-3.039675280280174E-23,4.582360976323366E-23,-7.914636756078735E-23,-3.080269718913165E-23,2.6169486233677074E-23
138.5,8.984128450248731E-23,-3.807786206461694E-23,3.7893693288467415E-23,-8.136972491230086E-23,-3.0276267184506284E-23,2.588500501488113E-23
139,8.450091540733855E-23,-4.512426051583159E-23,2.978031936863755E-23,-8.258549162753212E-23,-2.978719509960854E-23,2.5616205032349735E-23
139.49999999999997,7.838374276955131E-23,-5.1385708097435495E-23,2.1665739255180838E-23,-8.277859260041058E-23,-2.933226538728338E-23,2.5362173610075953E-23
140,7.164936694466539E-23,-5.674750126543175E-23,1.3729490617150808E-23,-8.197747739487896E-23,-2.890852917250623E-23,2.5122009230128274E-23
140.5,6.447652892601837E-23,-6.113715546499044E-23,6.136237919520699E-24,-8.025078245232915E-23,-2.851343085969855E-23,2.4894899420957563E-23
141,5.704984939632631E-23,-6.452715312033353E-23,-9.747304862214184E-25,-7.770050600836819E-23,-2.8144651667083747E-23,2.4680093359903883E-23
141.5,4.954690058814893E-23,-6.693192539913613E-23,-7.4960396294224E-24,-7.445164806992189E-23,-2.780014692653991E-23,2.4476893898498075E-23
141.99999999999997,4.212761521059668E-23,-6.840191412161803E-23,-1.3355321950572967E-23,-7.064141330058689E-23,-2.747804243431718E-23,2.4284614984482555E-23
142.5,3.492717649954428E-23,-6.90156728623839E-23,-1.8514747560059756E-23,-6.6409369588875E-23,-2.7176682187694316E-23,2.4102668160043947E-23
142.99999999999997,2.805260799541016E-23,-6.886954350959819E-23,-2.2966569600856742E-23,-6.188849454733819E-23,-2.6894538323039323E-23,2.393045415457116E-23
143.5,2.1581972978495862E-23,-6.806961351926383E-23,-2.672841723648554E-23,-5.719932471344875E-23,-2.663026610225931E-23,2.3767454372100884E-23
144,1.5566311360644557E-23,-6.672389921231626E-23,-2.983692841944296E-23,-5.244609871970533E-23,-2.6382610887670423E-23,2.3613180012942943E-23
144.5,1.0033403861980039E-23,-6.493617336353893E-23,-3.2341291639246785E-23,-4.771515607960249E-23,-2.615045729907659E-23,2.3467152860578462E-23
145,4.991294722994946E-24,-6.280245129804703E-23,-3.429860467613817E-23,-4.307489808571846E-23,-2.5932768306977718E-23,2.3328946860157698E-23
145.49999999999997,4.332998744344591E-25,-6.040861296705205E-23,-3.576908088426057E-23,-3.857748068717261E-23,-2.572861644592487E-23,2.319817193342523E-23
146,-3.6582613587555464E-24,-5.78287541180802E-23,-3.6812491674991223E-23,-3.4260194873364895E-23,-2.5537124305542794E-23,2.307443158099433E-23
146.5,-7.308240180363898E-24,-5.512590595211044E-23,-3.748614755908403E-23,-3.0148375031512276E-23,-2.5357542429234743E-23,2.2957370443018118E-23
147,-1.0546812882060882E-23,-5.235252713583909E-23,-3.7843972348021197E-23,-2.625693523385533E-23,-2.5189132002973647E-23,2.2846693759864336E-23
147.5,-1.3405916417790386E-23,-4.955084686476903E-23,-3.793441151412796E-23,-2.259294032802379E-23,-2.5031242439054024E-23,2.2742078108939652E-23
147.99999999999997,-1.59185718785078E-23,-4.67544681494511E-23,-3.7801000994895716E-23,-1.915707223839299E-23,-2.4883241537319638E-23,2.264325284949016E-23
148.5,-1.811660744632825E-23,-4.3989878096582176E-23,-3.748190498831386E-23,-1.5946118281331635E-23,-2.4744597021281643E-23,2.2549934785886497E-23
148.99999999999997,-2.0031238401425163E-23,-4.1276955845418683E-23,-3.7010553837448337E-23,-1.2952909485332065E-23,-2.4614766915786272E-23,2.2461893965591787E-23
149.5,-2.1691312335632767E-23,-3.863047753628724E-23,-3.641552753234477E-23,-1.0168477884365198E-23,-2.4493282192783735E-23,2.237888438829057E-23
150,-2.3123718824746837E-23,-3.606115133703185E-23,-3.5721479431443966E-23,-7.58244079750151E-24,-2.4379700084189856E-23,2.2300703555134892E-23
150.5,-2.4353004828743036E-23,-3.3576173163424016E-23,-3.494923786012569E-23,-5.1836403455230405E-24,-2.427361607168659E-23,2.222715186581895E-23
151,-2.540146650174922E-23,-3.1179991615498566E-23,-3.411637087189712E-23,-2.960577573639223E-24,-2.417463528846829E-23,2.2158028378318424E-23
151.49999999999997,-2.6289239197982273E-23,-2.887496520956076E-23,-3.323766795804979E-23,-9.017793226720634E-25,-2.4082423791057844E-23,2.209317692177705E-23
152,-2.7034271184058265E-23,-2.666188158698423E-23,-3.232547289270139E-23,1.0038278963886914E-24,-2.3996645855330878E-23,2.2032427684720386E-23
152.5,-2.765271280569116E-23,-2.454028233116719E-23,-3.1390135588287325E-23,2.766974973741842E-24,-2.3917009121644024E-23,2.1975647093838058E-23
153,-2.8158778122510745E-23,-2.2508534311430137E-23,-3.0439972446884546E-23,4.397884713443605E-24,-2.3843208795871112E-23,2.192266422555595E-23
153.5,-2.856526963189627E-23,-2.0564592473795994E-23,-2.948211144932455E-23,5.906152405930658E-24,-2.3775006622991613E-23,2.187339114728483E-23
153.99999999999997,-2.8883382159976537E-23,-1.8705843774559196E-23,-2.8522262590514206E-23,7.300680694979814E-24,-2.3712144685263452E-23,2.1827696139389492E-23
154.5,-2.91230012551928E-23,-1.6929307789005297E-23,-2.7565041779349473E-23,8.5897645783655E-24,-2.3654405014934437E-23,2.1785473685495696E-23
154.99999999999997,-2.9292948378293976E-23,-1.5231852624926662E-23,-2.6614271654571114E-23,9.781099011281146E-24,-2.360158234136949E-23,2.1746642398418314E-23
155.5,-2.9400912683632065E-23,-1.3610230448629108E-23,-2.5672969858885105E-23,1.0881710552232055E-23,-2.355347315598601E-23,2.1711105439273715E-23
156,-2.9453681782878827E-23,-1.2061156035116101E-23,-2.4743539804554358E-23,1.1898056052227868E-23,-2.3509903340660335E-23,2.1678792121200493E-23
156.5,-2.945728573359714E-23,-1.0581343453654511E-23,-2.3827900683510655E-23,1.2836097433589489E-23,-2.347071557004188E-23,2.1649653140433582E-23
157,-2.941692269168023E-23,-9.167650106756393E-24,-2.2927531196249854E-23,1.370114169061969E-23,-2.3435755798359316E-23,2.1623623169217575E-23
157.49999999999997,-2.933724978852966E-23,-7.816921476546704E-24,-2.2043557860035235E-23,1.449814474968689E-23,-2.3404879502296073E-23,2.1600661911857967E-23
158,-2.9222287751732316E-23,-6.526169937932929E-24,-2.1176815597268664E-23,1.523152571960622E-23,-2.3377955208973688E-23,2.1580739635226125E-23
158.5,-2.9075604316162007E-23,-5.292618436204182E-24,-2.032800019607483E-23,1.590525485079057E-23,-2.3354894352660982E-23,2.1563853507096133E-23
159,-2.890027855658151E-23,-4.113510473148867E-24,-1.9497520945994798E-23,1.6522946654851095E-23,-2.3335568181303905E-23,2.1549980709351686E-23
159.5,-2.869902140883182E-23,-2.9863366723795113E-24,-1.868573357316903E-23,1.708779873940289E-23,-2.331990116016766E-23,2.1539137695885483E-23
159.99999999999997,-2.8474207170115837E-23,-1.908695814826301E-24,-1.7892881952860072E-23,1.7602700587943032E-23,-2.3307810247410925E-23,2.1531369253124874E-23
160.5,-2.822778402792762E-23,-8.78390496098634E-25,-1.7119088792526636E-23,1.8070070357172846E-23,-2.3299240570507454E-23,2.152667830682197E-23
160.99999999999997,-2.796149646052931E-23,1.065972082892485E-25,-1.636452319366004E-23,1.8492065863721408E-23,-2.3294137837250566E-23,2.152512592235931E-23
161.5,-2.76769315535033E-23,1.0482330576845034E-24,-1.562933332422006E-23,1.887068413260028E-23,-2.3292453376645088E-23,2.1526826953568105E-23
162,-2.737526543170619E-23,1.9481849961815884E-24,-1.4913664135336672E-23,1.920737881224249E-23,-2.329416277706187E-23,2.1531856410274575E-23
162.5,-2.705757052882391E-23,2.807995261314412E-24,-1.4217766709554602E-23,1.9503422558005977E-23,-2.3299256234259226E-23,2.15403603395245E-23
163,-2.672466833018318E-23,3.628975185170863E-24,-1.3541991699107987E-23,1.9759683393186738E-23,-2.3307747462207553E-23,2.155247266378144E-23
163.49999999999997,-2.637721842493609E-23,4.412277515588603E-24,-1.2886820128531122E-23,1.997677903843059E-23,-2.3319652092094762E-23,2.1568418848405337E-23
164,-2.6015699111739126E-23,5.158858154129567E-24,-1.2252920142396058E-23,2.0154964053647536E-23,-2.3335011542766393E-23,2.1588424470990167E-23
164.49999999999997,-2.5640394042448952E-23,5.869405963131752E-24,-1.1641239345375828E-23,2.029408741655491E-23,-2.3353880693595812E-23,2.1612760077642395E-23
165,-2.5251440289932992E-23,6.544322588001556E-24,-1.1053109070885843E-23,2.039360235625089E-23,-2.3376347848609379E-23,2.16417835534056E-23
