% Model:              2D-Au-Plate_fromR.mph
% Version:            COMSOL 6.2.0.339
% Date:               Dec 20 2025, 18:29
% Dimension:          1
% Nodes:              151
% Expressions:        6
% Description:        Table graph
% R0 (nm),real(px) (C*m),imag(px) (C*m),real(py) (C*m),imag(py) (C*m),real(pz) (C*m),imag(pz) (C*m)
90,3.5036855031735595E-32,8.757209445107631E-32,4.2526644358187825E-32,-8.916634567198437E-32,3.622916878296935E-32,-4.675855297639188E-32
90.5,3.650401551785341E-32,8.966102755225265E-32,4.311007143353457E-32,-9.17722281420432E-32,3.612134034957467E-32,-4.783684490153149E-32
91,3.803996383152788E-32,9.178244937358049E-32,4.3671111533803643E-32,-9.445314917347542E-32,3.598544464535766E-32,-4.8915637775817465E-32
91.5,3.9648185453117094E-32,9.393541712331986E-32,4.420668734792434E-32,-9.721105925743412E-32,3.582128616489226E-32,-4.99941197597325E-32
91.99999999999999,4.133225807371092E-32,9.611870355167291E-32,4.4713449264386797E-32,-1.000477813346307E-31,3.562885348996673E-32,-5.107076586861501E-32
92.49999999999999,4.3095979345889375E-32,9.833090733448365E-32,4.5187772094698955E-32,-1.0296517805325178E-31,3.5408093201523265E-32,-5.214456780075439E-32
93,4.4943264095771294E-32,1.0057034410139847E-31,4.562573957081798E-32,-1.0596500446252238E-31,3.515907070721219E-32,-5.321422511901431E-32
93.5,4.687822463941752E-32,1.0283504974647367E-31,4.602309938150281E-32,-1.0904896687419301E-31,3.4881860390302117E-32,-5.427869378943275E-32
94,4.8905074072471586E-32,1.05122730623594E-31,4.637528512893749E-32,-1.12218620710667E-31,3.4576604232862043E-32,-5.533661700033205E-32
94.5,5.102821404247153E-32,1.074307539522936E-31,4.6677356677798566E-32,-1.154754222227488E-31,3.424357459138543E-32,-5.638694695113493E-32
94.99999999999999,5.325216100666937E-32,1.0975607226822815E-31,4.692399118571731E-32,-1.1882062789731763E-31,3.388310169631272E-32,-5.742839008823582E-32
95.49999999999999,5.558157943343727E-32,1.1209522986451424E-31,4.710947054242529E-32,-1.2225531866539186E-31,3.349550253556913E-32,-5.846003432609786E-32
96,5.802120964284386E-32,1.144443040874514E-31,4.722768063648218E-32,-1.2578031416307303E-31,3.3081331241023514E-32,-5.948068807170853E-32
96.5,6.057591012982205E-32,1.1679875870787646E-31,4.7271978547386156E-32,-1.2939609271588405E-31,3.2640934139736354E-32,-6.048911508080399E-32
97,6.325055338943158E-32,1.1915352011327985E-31,4.7235322491808333E-32,-1.3310277329284114E-31,3.217481896503209E-32,-6.148419888575176E-32
97.5,6.6050065431591E-32,1.2150296482033226E-31,4.7110241614500577E-32,-1.3690013449493495E-31,3.168380121467924E-32,-6.246512368001984E-32
97.99999999999999,6.897937124442892E-32,1.2384068875079822E-31,4.688869186697319E-32,-1.4078741717326465E-31,3.116833932659516E-32,-6.343102379059747E-32
98.49999999999999,7.204330132703163E-32,1.2615957436524267E-31,4.6562180044911585E-32,-1.447633000180104E-31,3.06292035102939E-32,-6.438099503544213E-32
98.99999999999999,7.524653482350376E-32,1.284516298432968E-31,4.6121682135797387E-32,-1.4882574719672545E-31,3.006707233723299E-32,-6.531402691283398E-32
99.5,7.859354141096268E-32,1.3070805745732992E-31,4.5557734802031035E-32,-1.5297201781518253E-31,2.948274076096541E-32,-6.622943051503466E-32
100,8.208848877265965E-32,1.3291903645068735E-31,4.4860345089790104E-32,-1.5719843953160868E-31,2.887696275130757E-32,-6.712627408747231E-32
100.5,8.573512475873863E-32,1.3507381905709656E-31,4.4019139945289497E-32,-1.6150039771625075E-31,2.825072256937739E-32,-6.800399278176067E-32
100.99999999999999,8.953665511080137E-32,1.3716054974302397E-31,4.302331933667138E-32,-1.6587211845246866E-31,2.760479884910834E-32,-6.886190149188229E-32
101.49999999999999,9.349560041283749E-32,1.391662549210073E-31,4.1861747560250705E-32,-1.703065589336563E-31,2.694008229485782E-32,-6.969934026314047E-32
101.99999999999999,9.761361411796535E-32,1.4107681314943523E-31,4.0523065809996746E-32,-1.7479524970811365E-31,2.6257482902610596E-32,-7.051584760904336E-32
102.5,1.0189130876629205E-31,1.4287694712856062E-31,3.899579871900211E-32,-1.7932817004533176E-31,2.555796326960709E-32,-7.131093603777482E-32
103,1.0632798395021878E-31,1.4455008050769923E-31,3.7268443389519244E-32,-1.8389344982891855E-31,2.484239312747685E-32,-7.208403581696234E-32
103.5,1.109215425459859E-31,1.460786205744109E-31,3.532974252300278E-32,-1.8847750429258583E-31,2.411160009246427E-32,-7.283516141070362E-32
103.99999999999999,1.1566796702721275E-31,1.4744366495078318E-31,3.316881216248531E-32,-1.9306444511682833E-31,2.3366675762574995E-32,-7.356361306873813E-32
104.49999999999999,1.205612183691044E-31,1.4862538055247686E-31,3.077551666923367E-32,-1.976362809077717E-31,2.2608715647431052E-32,-7.426920736686632E-32
104.99999999999999,1.2559291283000548E-31,1.4960296890618042E-31,2.8140657338477805E-32,-2.021726610812915E-31,2.1838162810426906E-32,-7.495193693518145E-32
105.5,1.3075184022117829E-31,1.5035493394456375E-31,2.5256495638996324E-32,-2.0665069724126244E-31,2.1056397056978128E-32,-7.561150939552499E-32
106,1.360237859893469E-31,1.5085930489242802E-31,2.2117046106205466E-32,-2.110450110151104E-31,2.026410467115612E-32,-7.624785063257669E-32
106.5,1.4139114094030076E-31,1.5109396048751682E-31,1.871859080159688E-32,-2.153276623249521E-31,1.9462264367001778E-32,-7.686092948520052E-32
106.99999999999999,1.4683251263144157E-31,1.510372025561415E-31,1.5060358680707308E-32,-2.1946827889443537E-31,1.8651720952991233E-32,-7.745096430588298E-32
107.49999999999999,1.523223517801242E-31,1.5066788037599213E-31,1.1144871592580055E-32,-2.234338653768968E-31,1.783333638154602E-32,-7.801750896815194E-32
107.99999999999999,1.5783088992963163E-31,1.4996643816705717E-31,6.978761948614793E-33,-2.271894964616012E-31,1.700795050575638E-32,-7.856064417906062E-32
108.5,1.6332410446027559E-31,1.4891559085113194E-31,2.5732881796556143E-33,-2.3069877059216957E-31,1.617641399603603E-32,-7.908090851741055E-32
109,1.6876319137074675E-31,1.4750100111343736E-31,-2.054814218203288E-33,-2.339238901573148E-31,1.533939247090691E-32,-7.957855523926493E-32
109.5,1.7410492434513972E-31,1.4571205996923536E-31,-6.883025345455127E-33,-2.3682646872584644E-31,1.449765810433115E-32,-8.005337580447654E-32
109.99999999999999,1.7930186739908095E-31,1.4354309185655905E-31,-1.188228718903902E-32,-2.393685465697253E-31,1.3652097832971862E-32,-8.050583679536905E-32
110.49999999999999,1.8430281140013236E-31,1.4099436253639869E-31,-1.701660234100532E-32,-2.415135962358088E-31,1.2803325245488473E-32,-8.093610435594863E-32
110.99999999999999,1.890533591136256E-31,1.3807301420033398E-31,-2.224275251412365E-32,-2.432276220002792E-31,1.1951881277958137E-32,-8.134454496733971E-32
111.5,1.9349699746429147E-31,1.3479406832829808E-31,-2.751032731887764E-32,-2.4448061730855083E-31,1.1098509757476725E-32,-8.173140118074421E-32
112,1.975759428062228E-31,1.3118113963488836E-31,-3.276178058703668E-32,-2.452477147010035E-31,1.0243859299403212E-32,-8.209705734807033E-32
112.5,2.012329216872126E-31,1.2726737716936103E-31,-3.7933025523937694E-32,-2.4551110855715843E-31,9.388320247104815E-33,-8.244185581991522E-32
112.99999999999999,2.044123542832003E-31,1.2309567699411466E-31,-4.29540688876856E-32,-2.452610892996587E-31,8.532663241082517E-33,-8.276618481869433E-32
113.49999999999999,2.070623741865044E-31,1.1871883140240078E-31,-4.7750352764271733E-32,-2.4449761318836073E-31,7.677257121439703E-33,-8.307029117524545E-32
113.99999999999999,2.0913677044471914E-31,1.1419939687283238E-31,-5.224418546288824E-32,-2.4323162576311035E-31,6.822498684142003E-33,-8.335481402642932E-32
114.5,2.1059647215407905E-31,1.0960899202362036E-31,-5.635631816929933E-32,-2.4148565139651493E-31,5.968929086152119E-33,-8.362000996119767E-32
115,2.114115823832991E-31,1.050272788538839E-31,-6.00080834680492E-32,-2.392945703702407E-31,5.116984086280343E-33,-8.386629310883078E-32
115.5,2.1156294220567887E-31,1.0054049488457456E-31,-6.312358142165086E-32,-2.367057383563779E-31,4.266923573362828E-33,-8.409424793022198E-32
115.99999999999999,2.1104322674980682E-31,9.623972598754314E-32,-6.563170580238827E-32,-2.337785671768198E-31,3.4191695432783096E-33,-8.430415913611723E-32
116.49999999999999,2.0985797324687835E-31,9.221909655089707E-32,-6.746817411176041E-32,-2.305840275202858E-31,2.5740989719680462E-33,-8.44965496120877E-32
116.99999999999999,2.080259795570726E-31,8.857312834666252E-32,-6.857774647595043E-32,-2.272030853267063E-31,1.7317464921194026E-33,-8.467175767170253E-32
117.5,2.055793680677216E-31,8.539523237409455E-32,-6.891537492933139E-32,-2.237257200724489E-31,8.924844582622242E-34,-8.483028970207941E-32
118,2.0256288237142157E-31,8.277484936913278E-32,-6.844778548551856E-32,-2.202484007898992E-31,5.645318376834768E-35,-8.4972636084033E-32
118.5,1.9903310037932123E-31,8.079635157301713E-32,-6.71537732268495E-32,-2.1687275382152674E-31,-7.758539086052934E-34,-8.509907535637871E-32
118.99999999999999,1.9505750680398673E-31,7.953660902154359E-32,-6.502530124285574E-32,-2.137032152029158E-31,-1.6045353394721337E-33,-8.521032244548803E-32
119.49999999999999,1.9071245440356673E-31,7.90643649914508E-32,-6.206657271809526E-32,-2.108450977676242E-31,-2.4295013011487697E-33,-8.530648014753975E-32
120,1.8608180719874845E-31,7.943932100811237E-32,-5.829375136041295E-32,-2.0840298341379927E-31,-3.249994303029771E-33,-8.538791871297779E-32
120.49999999999999,1.8125594549144203E-31,8.07109514771404E-32,-5.373515886713719E-32,-2.0647915510501886E-31,-4.066872197175278E-33,-8.545538051252824E-32
121,1.7632912549134505E-31,8.291978881609272E-32,-4.84285312415676E-32,-2.051726229504493E-31,-4.879477800945047E-33,-8.550918716169634E-32
121.49999999999999,1.7139884659456164E-31,8.609642491749574E-32,-4.2421293493008086E-32,-2.045779237472528E-31,-5.6880476759804604E-33,-8.554958295992055E-32
121.99999999999999,1.6656467680562222E-31,9.02628129264162E-32,-3.576887859983421E-32,-2.0478521239294377E-31,-6.49242189679965E-33,-8.557712987634313E-32
122.5,1.6192720203740684E-31,9.543263411403022E-32,-2.853373340561193E-32,-2.0587975155712603E-31,-7.29264339592754E-33,-8.559211698335827E-32
122.99999999999999,1.5758772895839638E-31,1.0161210090192135E-31,-2.0784581847184346E-32,-2.079422378892736E-31,-8.088578480323173E-33,-8.559481358778957E-32
123.5,1.5364827415745167E-31,1.0880072736606223E-31,-1.2595904835998822E-32,-2.110493444658855E-31,-8.880478097358901E-33,-8.558571307055184E-32
123.99999999999999,1.5021143935544447E-31,1.169921258026092E-31,-4.0473430250184916E-33,-2.1527417095210694E-31,-9.668217632411227E-33,-8.556522129858322E-32
124.5,1.4738095430869964E-31,1.2617430655646582E-31,4.776076228122946E-33,-2.2068681966646484E-31,-1.0451871016510586E-32,-8.553344419914833E-32
125,1.4526261758386937E-31,1.3633000914429565E-31,1.3783452369200254E-32,-2.273552958108585E-31,-1.1231702336243083E-32,-8.549092616249441E-32
125.49999999999999,1.4396483421912516E-31,1.4743701634087262E-31,2.287775891908631E-32,-2.353460920490099E-31,-1.2007551368376201E-32,-8.543784040920775E-32
126,1.4359992998557175E-31,1.5946714660552427E-31,3.1954122861423553E-32,-2.4472433349353097E-31,-1.2779766233584382E-32,-8.537453628177006E-32
126.49999999999999,1.4428526629800346E-31,1.7238627119043085E-31,4.0898894280942874E-32,-2.555545989948822E-31,-1.3548208402141693E-32,-8.530115963646876E-32
127,1.4614465645263572E-31,1.8615216121610926E-31,4.958704317865577E-32,-2.679002513058703E-31,-1.431321153890967E-32,-8.521825106055348E-32
127.49999999999999,1.493088637187121E-31,2.0071338012133397E-31,5.788083904170435E-32,-2.818229890051762E-31,-1.507485760284129E-32,-8.5125763618128E-32
127.99999999999999,1.53917396104935E-31,2.160065687106077E-31,6.562648518375415E-32,-2.973819813546539E-31,-1.5833292538880246E-32,-8.502416511995459E-32
128.5,1.6011856736858963E-31,2.319535605039464E-31,7.265188538265682E-32,-3.146317802538385E-31,-1.6588734674284063E-32,-8.491355970720994E-32
129,1.6807014478774789E-31,2.4845735089701012E-31,7.876308639997351E-32,-3.3361955201430813E-31,-1.7341191085353748E-32,-8.479433857901612E-32
129.5,1.779381582600148E-31,2.653979237772317E-31,8.374207231662084E-32,-3.5438110812103994E-31,-1.8091118895304676E-32,-8.466640955892811E-32
129.99999999999997,1.8989653563555785E-31,2.8262682450048095E-31,8.734290908476371E-32,-3.7693625516446474E-31,-1.8838451944460757E-32,-8.453018325833139E-32
130.5,2.041231773562674E-31,2.999609933020691E-31,8.929014261769937E-32,-4.01281185185987E-31,-1.9583588370705622E-32,-8.438578424871251E-32
130.99999999999997,2.2079638562679664E-31,3.1717677412438696E-31,8.927693262341383E-32,-4.273810794668789E-31,-2.032654702028056E-32,-8.423345872055462E-32
131.5,2.4008684901163647E-31,3.3400315323454337E-31,8.696616804823228E-32,-4.551588736888503E-31,-2.1067752447029805E-32,-8.407302173772498E-32
132,2.6214934907596225E-31,3.5011487931316484E-31,8.199164895798951E-32,-4.844835861364421E-31,-2.1807695982693317E-32,-8.390488756861093E-32
132.5,2.8711070846515957E-31,3.6512742828659265E-31,7.39633682333705E-32,-5.151571758321733E-31,-2.25458521250417E-32,-8.372920779384874E-32
133,3.150520917771589E-31,3.785935971668581E-31,6.247873234383756E-32,-5.468986623739763E-31,-2.3282421503683072E-32,-8.354616429425628E-32
133.49999999999997,3.4598847723656484E-31,3.9000649911372098E-31,4.7140685608293116E-32,-5.793308760761802E-31,-2.4018342436376662E-32,-8.335558706377107E-32
134,3.798494423224949E-31,3.988022360032123E-31,2.757430081047221E-32,-6.119676148793844E-31,-2.4753681190971507E-32,-8.315759592779237E-32
134.5,4.164521950833455E-31,4.043753041477716E-31,3.459442172108503E-33,-6.442051157955094E-31,-2.5488577503576067E-32,-8.295226686967173E-32
135,4.554791959182492E-31,4.061003784547618E-31,-2.543553471034244E-32,-6.753218216614373E-31,-2.6223241387244353E-32,-8.273970975081979E-32
135.5,4.964575833236792E-31,4.033666830812089E-31,-5.921173676912147E-32,-7.044891536319313E-31,-2.695799843513187E-32,-8.251988015982272E-32
135.99999999999997,5.387494865741324E-31,3.95619516680033E-31,-9.780075168079984E-32,-7.307960905452683E-31,-2.7693155520765955E-32,-8.229293304107814E-32
136.5,5.815531241224419E-31,3.8241279011541947E-31,-1.4092544910683157E-31,-7.532903648850906E-31,-2.842890749387282E-32,-8.205877597817504E-32
136.99999999999997,6.239241618560594E-31,3.6346104881970924E-31,-1.8807691582173221E-31,-7.710347568415301E-31,-2.916543353292179E-32,-8.181753296755559E-32
137.5,6.648180950483091E-31,3.3869086162929886E-31,-2.38507940058358E-31,-7.831789648607149E-31,-2.990322083538351E-32,-8.156893965232149E-32
138,7.0314649069028835E-31,3.0827739725465214E-31,-2.912483489974764E-31,-7.890303239427314E-31,-3.064239322680758E-32,-8.131305142438929E-32
138.5,7.378542257306823E-31,2.726602982608758E-31,-3.4515241423401264E-31,-7.881249149910773E-31,-3.138319357334624E-32,-8.104994860017159E-32
139,7.680002898933583E-31,2.325319207133459E-31,-3.9896995531469195E-31,-7.802800051827041E-31,-3.212605184621167E-32,-8.077940463070596E-32
139.49999999999997,7.928285749855338E-31,1.8879777613515498E-31,-4.514308125966428E-31,-7.6561739882039424E-31,-3.2871186748391987E-32,-8.050146519808877E-32
140,8.11824588451963E-31,1.4251072184505901E-31,-5.013385981441366E-31,-7.445559735917541E-31,-3.3618849132175373E-32,-8.021594217138057E-32
140.5,8.247437044294606E-31,9.479322918428382E-32,-5.476515140394011E-31,-7.177734245171929E-31,-3.4369233756282524E-32,-7.992275690354894E-32
141,8.31612436177634E-31,4.67553075915723E-32,-5.8954580937313695E-31,-6.861441668208659E-31,-3.512286154088012E-32,-7.962166373916585E-32
141.5,8.326992600903318E-31,-5.774713929357438E-34,-6.26447979069354E-31,-6.506616790647006E-31,-3.5879937868704315E-32,-7.931260355217855E-32
141.99999999999997,8.284667854038609E-31,-4.632065465402997E-32,-6.580411698797603E-31,-6.123585308153017E-31,-3.6640629477536486E-32,-7.899549613066142E-32
142.5,8.195163521680817E-31,-8.976572868815726E-32,-6.842491639055502E-31,-5.722375704108467E-31,-3.74054218807558E-32,-7.866999182846177E-32
142.99999999999997,8.065266409196383E-31,-1.3038805557121448E-31,-7.051949779354263E-31,-5.31218971969497E-31,-3.8174448456879715E-32,-7.833604141847074E-32
143.5,7.902025309549213E-31,-1.6784465182527424E-31,-7.21160017421833E-31,-4.901031895859049E-31,-3.8948074028544613E-32,-7.799338863942029E-32
144,7.712317566398614E-31,-2.0195332407594475E-31,-7.325348290058817E-31,-4.495539357875212E-31,-3.9726651040133166E-32,-7.764158446799277E-32
144.5,7.502536925457492E-31,-2.326653481964506E-31,-7.397741927153077E-31,-4.100954985676328E-31,-4.0510419904940776E-32,-7.728077284295967E-32
145,7.2783984247103815E-31,-2.6003842663131137E-31,-7.4336173713412235E-31,-3.7211862061592275E-31,-4.129968611321029E-32,-7.691026695254806E-32
145.49999999999997,7.044866835573586E-31,-2.8420839081610394E-31,-7.437827873021496E-31,-3.3589700566771822E-31,-4.2094933273572444E-32,-7.652993904877742E-32
146,6.806106665236009E-31,-3.053613969606822E-31,-7.414993005580258E-31,-3.0160462792868843E-31,-4.289618553969321E-32,-7.61393603505629E-32
146.5,6.565554499071282E-31,-3.2371575072791564E-31,-7.369417084002054E-31,-2.6933549915102797E-31,-4.3703588360009504E-32,-7.573850451381443E-32
147,6.325939001856585E-31,-3.3950936345346885E-31,-7.305010558940268E-31,-2.391147192992746E-31,-4.4517882572734524E-32,-7.532671443507115E-32
147.5,6.089392350530845E-31,-3.529793810232082E-31,-7.225217584691143E-31,-2.1092256572310563E-31,-4.533916465061203E-32,-7.490379704956866E-32
147.99999999999997,5.857511828532371E-31,-3.643588379200036E-31,-7.1330405347835655E-31,-1.847017574333295E-31,-4.616780032460561E-32,-7.446882063722287E-32
148.5,5.6315046315531535E-31,-3.7386906733255673E-31,-7.031091140181376E-31,-1.603745295223384E-31,-4.7003946745921397E-32,-7.402208495549133E-32
148.99999999999997,5.412171623175124E-31,-3.817174352621192E-31,-6.921564229411654E-31,-1.3784281222741746E-31,-4.784808309200224E-32,-7.356250028222024E-32
149.5,5.20005435246992E-31,-3.8809294449087005E-31,-6.8063137967550444E-31,-1.1700301895587338E-31,-4.8700370830133365E-32,-7.308973874866297E-32
150,4.995468091923905E-31,-3.931694805663103E-31,-6.686905451196082E-31,-9.774607550109067E-32,-4.956116232712469E-32,-7.260329599993248E-32
150.5,4.798548620696398E-31,-3.971024038632655E-31,-6.56462541089994E-31,-7.996348812211781E-32,-5.043073147178404E-32,-7.210254745634627E-32
151,4.60929114336622E-31,-4.000306500743226E-31,-6.440526769936805E-31,-6.354875965365646E-32,-5.130936097151505E-32,-7.158694477782075E-32
151.49999999999997,4.4275917368666E-31,-4.020782755340966E-31,-6.315473241359871E-31,-4.83993464193011E-32,-5.219730239895311E-32,-7.105569629671937E-32
152,4.253279425432924E-31,-4.03355299402387E-31,-6.190169637607124E-31,-3.441850181109741E-32,-5.309476213779614E-32,-7.050828857235821E-32
152.5,4.086121249076672E-31,-4.039593364803773E-31,-6.065179338954573E-31,-2.1514360379342078E-32,-5.400217457673679E-32,-6.994398755267886E-32
153,3.9258483083067966E-31,-4.039743328055321E-31,-5.9409327956125536E-31,-9.602861241441953E-33,-5.491953436692246E-32,-6.936191361494588E-32
153.5,3.7721667613002784E-31,-4.03476534524635E-31,-5.817784028593747E-31,1.3958847853356704E-33,-5.584733246150783E-32,-6.876115375945214E-32
153.99999999999997,3.624775706440713E-31,-4.025320253859149E-31,-5.696003239756257E-31,1.1554386073960445E-32,-5.678575513328861E-32,-6.814098445659372E-32
154.5,3.4833669760618105E-31,-4.011985938939945E-31,-5.5757918976692105E-31,2.0939231288626354E-32,-5.77348962656318E-32,-6.750042481351392E-32
154.99999999999997,3.3476297456610134E-31,-3.995274289669852E-31,-5.457299505916666E-31,2.961199428873802E-32,-5.86950992044674E-32,-6.683839783852383E-32
155.5,3.2172608454251855E-31,-3.975635450799955E-31,-5.3406339247503565E-31,3.762874528409512E-32,-5.966650028276327E-32,-6.615397527170213E-32
156,3.091964024909449E-31,-3.953464011860209E-31,-5.225866128109542E-31,4.504061318945066E-32,-6.064923484101026E-32,-6.544603108049786E-32
156.5,2.9714476518788287E-31,-3.929109828867967E-31,-5.113036688792911E-31,5.189473035559433E-32,-6.164354363509997E-32,-6.47132820787868E-32
157,2.8554405771291267E-31,-3.9028830601861795E-31,-5.002171338181583E-31,5.823337371183835E-32,-6.264940628257575E-32,-6.395461787543158E-32
157.49999999999997,2.743670612024557E-31,-3.8750532326651665E-31,-4.893264003315489E-31,6.40955437385076E-32,-6.366705808014119E-32,-6.316857812643853E-32
158,2.6358845669426247E-31,-3.84586841107679E-31,-4.786307224549437E-31,6.951682721921032E-32,-6.46964118441753E-32,-6.23537147574343E-32
158.5,2.531839087106414E-31,-3.8155535162619804E-31,-4.681283583800887E-31,7.452992981612438E-32,-6.573760475349375E-32,-6.15086419728144E-32
159,2.4312999359794505E-31,-3.7843030989396396E-31,-4.578158896634014E-31,7.916411688380241E-32,-6.67905617583329E-32,-6.063162453436823E-32
159.5,2.3340448434986893E-31,-3.752304824042283E-31,-4.476903927826254E-31,8.344674381470361E-32,-6.785521439921688E-32,-5.972101503776557E-32
159.99999999999997,2.239853120863025E-31,-3.7197312832838935E-31,-4.37747953345871E-31,8.74033411789609E-32,-6.893148181598906E-32,-5.87747939170574E-32
160.5,2.1485264627774366E-31,-3.6867387989910315E-31,-4.279850676931382E-31,9.105573859065315E-32,-7.001906935997868E-32,-5.779133822423709E-32
160.99999999999997,2.0598626712032753E-31,-3.6534892874092987E-31,-4.183985380184644E-31,9.442572809130733E-32,-7.111768971866596E-32,-5.676867287968429E-32
161.5,1.9736540176479013E-31,-3.620132250965455E-31,-4.0898396150161745E-31,9.753373045848729E-32,-7.222716746256872E-32,-5.570404645067519E-32
162,1.889710768286439E-31,-3.5868219106663207E-31,-3.997387121403261E-31,1.0039786044827226E-31,-7.334689535239989E-32,-5.459538000779123E-32
162.5,1.807832624974126E-31,-3.5537191359527186E-31,-3.906601618645297E-31,1.0303625721923363E-31,-7.447633851963438E-32,-5.344001411181701E-32
163,1.727821042713801E-31,-3.5209916446906916E-31,-3.8174656465287907E-31,1.054655950590789E-31,-7.561492251733179E-32,-5.22354988821908E-32
163.49999999999997,1.6494585049642521E-31,-3.488824642399165E-31,-3.729966908011877E-31,1.0770349391702752E-31,-7.676167552920164E-32,-5.097872254613334E-32
164,1.572519621113822E-31,-3.4574156667970864E-31,-3.6441012203659497E-31,1.0976635587498222E-31,-7.79156225696234E-32,-4.96665521898779E-32
164.49999999999997,1.4967538344179246E-31,-3.4269908276330226E-31,-3.5598766958927077E-31,1.1167143242407494E-31,-7.90756023388113E-32,-4.829577674645669E-32
165,1.4218742254663108E-31,-3.3978145768471195E-31,-3.4773169208330024E-31,1.1343772362106064E-31,-8.02401628370445E-32,-4.6862802866355846E-32
