% Model:              2D-Au-Plate_fromR.mph
% Version:            COMSOL 6.2.0.339
% Date:               Jan 12 2026, 16:24
% Dimension:          1
% Nodes:              131
% Expressions:        6
% Description:        Table graph
% R0 (nm),real(mx) (m^2*A),imag(mx) (m^2*A),real(my) (m^2*A),imag(my) (m^2*A),real(mz) (m^2*A),imag(mz) (m^2*A)
100,-1.2055607089316017E-23,-1.523551099194276E-23,-1.5635377693850116E-23,1.2652838982266812E-23,6.850006366055274E-24,-1.3746960972758694E-24
100.5,-1.2845723153942614E-23,-1.564641463493791E-23,-1.6048521388432066E-23,1.3458633000410163E-23,7.174787469751093E-24,-1.4528727990904563E-24
100.99999999999999,-1.3688134648540196E-23,-1.6050903032235973E-23,-1.6454813462787027E-23,1.4316702102106614E-23,7.517685276141725E-24,-1.5367521336017476E-24
101.49999999999999,-1.4585807010899905E-23,-1.6445935322717556E-23,-1.6851194172570148E-23,1.5229951274768076E-23,7.88001009567855E-24,-1.6268884658181586E-24
101.99999999999999,-1.554173644131568E-23,-1.682803110584238E-23,-1.7234167832693484E-23,1.6201310531267826E-23,8.263196036594488E-24,-1.723904646644617E-24
102.5,-1.6558911410427402E-23,-1.7193232667234243E-23,-1.7599766123981507E-23,1.7233693081280092E-23,8.668818021843593E-24,-1.8285037003025566E-24
103,-1.7640260297126022E-23,-1.7537041904925104E-23,-1.7943486051726114E-23,1.8329943704516416E-23,9.098608201247313E-24,-1.9414821489260287E-24
103.5,-1.8788621783141012E-23,-1.785439817771688E-23,-1.8260267935888696E-23,1.9492809486939003E-23,9.554471979948277E-24,-2.063739799690894E-24
103.99999999999999,-2.000665111605477E-23,-1.813962042463198E-23,-1.8544444886358E-23,2.0724844436144342E-23,1.0038519344637767E-23,-2.1963066309841023E-24
104.49999999999999,-2.1296763491502185E-23,-1.83863736598292E-23,-1.8789703484477454E-23,2.202835544709275E-23,1.055308135417038E-23,-2.34035618829116E-24
104.99999999999999,-2.2661013943029404E-23,-1.858762444174654E-23,-1.898904420702619E-23,2.340527902535393E-23,1.110074124361893E-23,-2.497230064586224E-24
105.5,-2.4101032869522025E-23,-1.873563340983872E-23,-1.9134779229231625E-23,2.4857121397321643E-23,1.168437869021231E-23,-2.668478868139185E-24
106,-2.5617866425774636E-23,-1.8821925917496546E-23,-1.9218501931763862E-23,2.6384794207581157E-23,1.2307201733433995E-23,-2.855888763668301E-24
106.5,-2.721187140014554E-23,-1.8837290472971793E-23,-1.9231089469942624E-23,2.7988517805635433E-23,1.2972795856275201E-23,-3.0615325433096974E-24
106.99999999999999,-2.8882546096533167E-23,-1.877182605160524E-23,-1.916275033501124E-23,2.966764782520527E-23,1.3685178329485695E-23,-3.2878212795911747E-24
107.49999999999999,-3.062834990482887E-23,-1.8614948330163374E-23,-1.9003041288595144E-23,3.1420502179517004E-23,1.444887285714694E-23,-3.537586412132981E-24
107.99999999999999,-3.2446578870786474E-23,-1.8355499620362133E-23,-1.874097077241511E-23,3.324423671493166E-23,1.5268981001182683E-23,-3.814153438471373E-24
108.5,-3.4333207293159895E-23,-1.798183542997201E-23,-1.8365087259845636E-23,3.5134689439155266E-23,1.6151259281518617E-23,-4.121444277880474E-24
109,-3.628264193190544E-23,-1.7482009704616012E-23,-1.7863671573943187E-23,3.708614367843652E-23,1.7102244220959832E-23,-4.464123987732834E-24
109.5,-3.828761727439823E-23,-1.6843936942324724E-23,-1.722490655314088E-23,3.909122643560588E-23,1.8129381483135086E-23,-4.847779551701506E-24
109.99999999999999,-4.033905605344567E-23,-1.605559456503876E-23,-1.6437063653174637E-23,4.11407764816415E-23,1.924116438036286E-23,-5.279126336539379E-24
110.49999999999999,-4.242594728178362E-23,-1.510539036645309E-23,-1.5488884446394514E-23,4.322372667412361E-23,2.0447318870272183E-23,-5.766295603755649E-24
110.99999999999999,-4.453528350098087E-23,-1.3982418982321066E-23,-1.436982441456772E-23,4.532704848396609E-23,2.175900802007306E-23,-6.319198827663245E-24
111.5,-4.6652127603827985E-23,-1.2676848995731538E-23,-1.30704471517152E-23,4.743582887358049E-23,2.31891017869548E-23,-6.950024360738058E-24
112,-4.875955064184086E-23,-1.1180219013082997E-23,-1.1582706659669238E-23,4.953321650752119E-23,2.475244310864862E-23,-7.673870448324741E-24
112.5,-5.0838911392467734E-23,-9.485957476224285E-24,-9.900467980100668E-24,5.1600698049496037E-23,2.6466193166393382E-23,-8.509586007556845E-24
112.99999999999999,-5.2870027270068835E-23,-7.589618905108658E-24,-8.019726763003789E-24,5.361829167955198E-23,2.835022040110122E-23,-9.480960006512311E-24
113.49999999999999,-5.483147934804601E-23,-5.489300360650702E-24,-5.939027229826619E-24,5.556484151996462E-23,3.0427494545279064E-23,-1.061827936631096E-23
113.99999999999999,-5.670107557043142E-23,-3.1858641917623194E-24,-3.6596618792130235E-24,5.741848862338503E-23,3.2724459512090687E-23,-1.1960486410024493E-23
114.5,-5.845628539277914E-23,-6.831893067064182E-25,-1.1859223559318294E-24,5.915710677980025E-23,3.5271392977470215E-23,-1.355829804844694E-23
115,-6.007477730662334E-23,2.0117773065577068E-24,1.47486918587089E-24,6.075884180331527E-23,3.8102383517717734E-23,-1.5478439586358326E-23
115.5,-6.153493719621693E-23,4.88905615087016E-24,4.312402289175369E-24,6.220261553917368E-23,4.1254837431199956E-23,-1.7809823551298742E-23
115.99999999999999,-6.281648266876586E-23,7.935728185206872E-24,7.3134804914077E-24,6.346874285149821E-23,4.476761998797742E-23,-2.0672403628205825E-23
116.49999999999999,-6.39009579310181E-23,1.1136222219662852E-23,1.0462327173284981E-23,6.453941458082988E-23,4.867666665788709E-23,-2.422994126585965E-23
116.99999999999999,-6.477210751394063E-23,1.4472714833802993E-23,1.3740971005030882E-23,6.539905843678038E-23,5.300529298210077E-23,-2.870834289331755E-23
117.5,-6.54163664585377E-23,1.792555632238101E-23,1.712970721748745E-23,6.603481842474547E-23,5.774411517791743E-23,-3.4421683388929486E-23
118,-6.582291675012437E-23,2.1473930969871886E-23,2.0607726468604262E-23,6.643660755120837E-23,6.281042363561201E-23,-4.180708531482085E-23
118.5,-6.598398475012879E-23,2.5096227362531292E-23,2.4153508267816182E-23,6.659738654502526E-23,6.796708433277927E-23,-5.1465171271285184E-23
118.99999999999999,-6.589462484742365E-23,2.8770837833836693E-23,2.774560339018478E-23,6.651293181136571E-23,7.266666328268629E-23,-6.418652352253982E-23
119.49999999999999,-6.555272759953154E-23,3.2476448251676014E-23,3.1362925475805125E-23,6.618185529109222E-23,7.576857747466901E-23,-8.089678539042919E-23
120,-6.49586481607731E-23,3.619282841409715E-23,3.4985532817528326E-23,6.560522138284125E-23,7.510450190606957E-23,-1.0233584460764614E-22
120.49999999999999,-6.411485751686541E-23,3.990091022828634E-23,3.859468640499554E-23,6.478615664410914E-23,6.709586385979864E-23,-1.2809322841126617E-22
121,-6.302555663971195E-23,4.358329498589231E-23,4.217338238230965E-23,6.372952522446903E-23,4.736085895044317E-23,-1.5471803857572068E-22
121.49999999999999,-6.169625542987726E-23,4.7224322513406084E-23,4.570637769535758E-23,6.24414757463515E-23,1.4048196529963126E-23,-1.7425961617197243E-22
121.99999999999999,-6.013316811830222E-23,5.0810249059176176E-23,4.91803892001808E-23,6.092883628564261E-23,-2.7154012876401586E-23,-1.7762081746360999E-22
122.5,-5.834282680176163E-23,5.4329133267742E-23,5.2583964215912766E-23,5.919875025647887E-23,-6.43084380497158E-23,-1.6298585502798349E-22
122.99999999999999,-5.633165735339092E-23,5.777081976267309E-23,5.590746384002322E-23,5.725825015624618E-23,-8.887442071381467E-23,-1.378672603229905E-22
123.5,-5.410553053992239E-23,6.112657889941037E-23,5.914271407554914E-23,5.511381321703761E-23,-1.0056650463485625E-22,-1.113346172748924E-22
123.99999999999999,-5.166937593634414E-23,6.438902801087992E-23,6.22829191847563E-23,5.277099149810428E-23,-1.034180981720727E-22,-8.834079953736487E-23
124.5,-4.9027080683231736E-23,6.755165519615818E-23,6.532220479000558E-23,5.02343186759878E-23,-1.0143128969268025E-22,-7.009898666017536E-23
125,-4.618099880284081E-23,7.060848278882878E-23,6.825527507316427E-23,4.7506811635683055E-23,-9.722528350762905E-23,-5.612346327087513E-23
125.49999999999999,-4.31319372624004E-23,7.355371006101034E-23,7.107709977494533E-23,4.4589990258800924E-23,-9.223704131458514E-23,-4.550575822259732E-23
126,-3.9879098949020667E-23,7.638116589172308E-23,7.378235075284957E-23,4.148379206361235E-23,-8.718033908565437E-23,-3.740263264728926E-23
126.49999999999999,-3.6419852786489696E-23,7.908385136797993E-23,7.636500069036881E-23,3.818637865271878E-23,-8.237895224608753E-23,-3.115400917645797E-23
127,-3.2750030289044715E-23,8.165339704208759E-23,7.881777186011411E-23,3.469438236120628E-23,-7.795977020149928E-23,-2.6273960378980506E-23
127.49999999999999,-2.8863859903430057E-23,8.407966293309233E-23,8.113178832378855E-23,3.100288882240422E-23,-7.395373093713167E-23,-2.2411892653037175E-23
127.99999999999999,-2.4754261486937015E-23,8.634988248477716E-23,8.329575339502915E-23,2.7105665207066347E-23,-7.034768821021737E-23,-1.931568511726403E-23
128.5,-2.041310955834543E-23,8.844833524110493E-23,8.529563883378968E-23,2.2995448292090717E-23,-6.711010399745645E-23,-1.6802947617890826E-23
129,-1.5831788717353396E-23,9.035541732469328E-23,8.711382871374234E-23,1.8664425261164993E-23,-6.420359739072414E-23,-1.4740499796745614E-23
129.5,-1.1001747891998885E-23,9.204741636632729E-23,8.872888452261852E-23,1.4104788691326146E-23,-6.159083233790106E-23,-1.302981040903617E-23
129.99999999999997,-5.9152735588614914E-24,9.349536120450404E-23,9.01144955664191E-23,9.309409011186213E-24,-5.923714619443479E-23,-1.1597285436764169E-23
130.5,-5.667513751079907E-25,9.466489522725153E-23,9.123932836482945E-23,4.2730376782175476E-24,-5.711151636949897E-23,-1.0387156486852243E-23
130.99999999999997,5.046307065458299E-24,9.551545173999343E-23,9.206628822972399E-23,-1.0067549998789822E-24,-5.518657550413193E-23,-9.356697924403003E-24
131.5,1.0921337591727403E-23,9.600046571777294E-23,9.255267626381387E-23,-6.5277799418493306E-24,-5.343858982822181E-23,-8.472774744075792E-24
132,1.704876088970138E-23,9.606694492005395E-23,9.26497748997275E-23,-1.2281430197569396E-23,-5.184691545544498E-23,-7.709452153261076E-24
132.5,2.3409963645710478E-23,9.565567506136066E-23,9.230309880649597E-23,-1.825082572768812E-23,-5.0393687545769794E-23,-7.046282389940023E-24
133,2.9974360522891564E-23,9.470297337999105E-23,9.145391425375259E-23,-2.4408037331444976E-23,-4.9063420301978167E-23,-6.4668917283235834E-24
133.49999999999997,3.669695695019671E-23,9.314334395989714E-23,9.00416930927505E-23,-3.071182442346947E-23,-4.784284662667753E-23,-5.958017656162376E-24
134,4.3515826610101475E-23,9.091075877299534E-23,8.800534007534219E-23,-3.7105328513306516E-23,-4.6720302043879925E-23,-5.508961796630035E-24
134.5,5.034979247184706E-23,8.794393985594526E-23,8.5288027784801E-23,-4.351389040655449E-23,-4.5685725056511393E-23,-5.1109753812327736E-24
135,5.709755977547754E-23,8.419136659999742E-23,8.184182461902077E-23,-4.9844203077145544E-23,-4.4730236871928375E-23,-4.756822638333484E-24
135.5,6.363807121342661E-23,7.961806100578493E-23,7.763396829358756E-23,-5.598461486486358E-23,-4.384615395540921E-23,-4.440504178024062E-24
135.99999999999997,6.983312218467709E-23,7.42121076598917E-23,7.265291715091864E-23,-6.180750770881332E-23,-4.30266783921182E-23,-4.1570033891934814E-24
136.5,7.553249463544377E-23,6.799173195704253E-23,6.691490722904212E-23,-6.717401654996353E-23,-4.22658644661873E-23,-3.9021193411693686E-24
136.99999999999997,8.058179435304093E-23,6.101035777498631E-23,6.046868652640009E-23,-7.19412379964837E-23,-4.1558412684067276E-23,-3.672301444630492E-24
137.5,8.483342137977583E-23,5.335979757759916E-23,5.339850440902326E-23,-7.597233770366167E-23,-4.0899647206819127E-23,-3.4645092806786795E-24
138,8.81571432554953E-23,4.516964318970875E-23,4.5823609763261965E-23,-7.914636756074287E-23,-4.0285417237271624E-23,-3.2761748852696305E-24
138.5,9.04524959811799E-23,3.660226702321982E-23,3.789369328844841E-23,-8.13697249122886E-23,-3.971201641225107E-23,-3.1050912581097088E-24
139,9.165884090781112E-23,2.7843499694208457E-23,2.9780319368610657E-23,-8.258549162759734E-23,-3.917611993409878E-23,-2.949335360820996E-24
139.49999999999997,9.176085869892055E-23,1.9090493395482872E-23,2.1665739255291637E-23,-8.277859260043676E-23,-3.8674808708225624E-23,-2.807278817596631E-24
140,9.079029619448085E-23,1.0537210274119279E-23,1.3729490617151387E-23,-8.197747739488706E-23,-3.8205360095663007E-23,-2.677473928353702E-24
140.5,8.882228804270922E-23,2.361293619207899E-24,6.136237919521834E-24,-8.025078245232886E-23,-3.7765392513302707E-23,-2.5586881182708405E-24
141,8.596792291586223E-23,-5.287252168289962E-24,-9.747304862803428E-25,-7.770050600836562E-23,-3.735273542303345E-23,-2.4498126728226802E-24
141.5,8.236296772022805E-23,-1.2293068935045556E-23,-7.496039629497784E-24,-7.445164806982946E-23,-3.6965450067749756E-23,-2.349894751727393E-24
141.99999999999997,7.81561797121687E-23,-1.8578734930845618E-23,-1.335532195050692E-23,-7.064141330062083E-23,-3.660172607306934E-23,-2.2580942050054948E-24
142.5,7.349869363956046E-23,-2.4104206938598025E-23,-1.8514747560071922E-23,-6.640936958882026E-23,-3.625997636572603E-23,-2.1736561644142682E-24
142.99999999999997,6.853431057629609E-23,-2.8861931889323706E-23,-2.2966569600835116E-23,-6.18884945472556E-23,-3.593869683467352E-23,-2.0959240155315063E-24
143.5,6.33932447566985E-23,-3.2871725867740555E-23,-2.672841723648311E-23,-5.719932471345475E-23,-3.563656990376466E-23,-2.0243135876555674E-24
144,5.81879659214897E-23,-3.617387727897049E-23,-2.9836928419346517E-23,-5.244609871976567E-23,-3.5352362776608886E-23,-1.9582833515472446E-24
144.5,5.301149643873065E-23,-3.882212062047802E-23,-3.2341291639283925E-23,-4.771515607952546E-23,-3.5084948610183466E-23,-1.8973827644521487E-24
145,4.793741753353862E-23,-4.087866084240789E-23,-3.4298604676101887E-23,-4.307489808573856E-23,-3.4833292847562206E-23,-1.8411798020448952E-24
145.49999999999997,4.302172915057463E-23,-4.2408950591596216E-23,-3.576908088428231E-23,-3.8577480687173834E-23,-3.459646384471717E-23,-1.7892944742045666E-24
146,3.830432277038165E-23,-4.34778855986035E-23,-3.681249167498088E-23,-3.426019487339588E-23,-3.437356081139859E-23,-1.7413867255068875E-24
146.5,3.381219572771721E-23,-4.4147608107852964E-23,-3.7486147559079893E-23,-3.014837503151626E-23,-3.4163802524408403E-23,-1.6971778874682254E-24
147,2.956110404116561E-23,-4.447654985883202E-23,-3.784397234801182E-23,-2.6256935233822714E-23,-3.3966458136798186E-23,-1.656353966213335E-24
147.5,2.5558325424572418E-23,-4.451715423865104E-23,-3.7934411514126117E-23,-2.2592940328022937E-23,-3.378083891928558E-23,-1.618683621074477E-24
147.99999999999997,2.1804271357145392E-23,-4.4316531601345847E-23,-3.7801000994895816E-23,-1.9157072238391273E-23,-3.360630646693776E-23,-1.5839111909457661E-24
148.5,1.829516512826676E-23,-4.3915917083055244E-23,-3.7481904988316244E-23,-1.594611828132607E-23,-3.344228415389171E-23,-1.551860549061892E-24
148.99999999999997,1.5022990875811936E-23,-4.3351439894250046E-23,-3.7010553837447667E-23,-1.2952909485332242E-23,-3.3288226144843034E-23,-1.5223110621148915E-24
149.5,1.197779858101964E-23,-4.2653946671747756E-23,-3.641552753235716E-23,-1.0168477884362771E-23,-3.3143626838382825E-23,-1.4951050256829431E-24
150,9.14814626056126E-24,-4.1850023035022156E-23,-3.572147943140521E-23,-7.582440797487067E-24,-3.300802996189123E-23,-1.4700725437586908E-24
150.5,6.5217648734839536E-24,-4.096211458682257E-23,-3.494923786012566E-23,-5.183640345528334E-24,-3.2881008338991756E-23,-1.4470687174248586E-24
151,4.086034293186852E-24,-4.000913272411453E-23,-3.411637087188337E-23,-2.9605775736384643E-24,-3.276214066922944E-23,-1.4259564211552697E-24
151.49999999999997,1.8283843970796906E-24,-3.90069830153379E-23,-3.3237667958051394E-23,-9.017793226743912E-25,-3.265108038940809E-23,-1.4066099507226973E-24
152,-2.6331920935994353E-25,-3.796891374801184E-23,-3.232547289267986E-23,1.0038278964116443E-24,-3.254747003190418E-23,-1.3889119881683087E-24
152.5,-2.200820694520175E-24,-3.69060207917038E-23,-3.1390135588280254E-23,2.7669749737531714E-24,-3.245100841663221E-23,-1.3727502545981359E-24
153,-3.9953257141825236E-24,-3.582720020651852E-23,-3.043997244685939E-23,4.3978847134377654E-24,-3.236135916037406E-23,-1.358030089240891E-24
153.5,-5.657333072572041E-24,-3.4740058653702284E-23,-2.9482111449324675E-23,5.906152405927465E-24,-3.227829161366239E-23,-1.3446451980818078E-24
153.99999999999997,-7.196606408117119E-24,-3.365066436974381E-23,-2.8522262590521236E-23,7.30068069497144E-24,-3.220153026126784E-23,-1.3325063455849003E-24
154.5,-8.622243337647516E-24,-3.2563900014459156E-23,-2.756504177935929E-23,8.589764578363734E-24,-3.213084636536762E-23,-1.321534016617921E-24
154.99999999999997,-9.942696158123691E-24,-3.148378872035449E-23,-2.661427165456742E-23,9.781099011284667E-24,-3.206603722827468E-23,-1.3116406123557258E-24
155.5,-1.1165698487934105E-23,-3.0413470975401625E-23,-2.5672969858884282E-23,1.0881710552235758E-23,-3.200689047225851E-23,-1.3027507059244486E-24
156,-1.2298372898200465E-23,-2.935542334097138E-23,-2.474353980456121E-23,1.189805605222411E-23,-3.1953232994054875E-23,-1.2947911603848227E-24
156.5,-1.3347306787437368E-23,-2.8311586207703003E-23,-2.3827900683494145E-23,1.2836097433593633E-23,-3.1904918684819063E-23,-1.2876855929401538E-24
157,-1.4318397958896743E-23,-2.728341307495662E-23,-2.2927531196246263E-23,1.3701141690622225E-23,-3.186179242403001E-23,-1.2813712704748045E-24
157.49999999999997,-1.521717008276127E-23,-2.627196645092357E-23,-2.2043557860056738E-23,1.4498144749689338E-23,-3.182372352492582E-23,-1.275774492936204E-24
158,-1.6048578812749972E-23,-2.5277976849319682E-23,-2.1176815597264267E-23,1.5231525719607633E-23,-3.1790597997630343E-23,-1.270823319450918E-24
158.5,-1.6817110592583496E-23,-2.430200336553139E-23,-2.0328000196077738E-23,1.590525485079221E-23,-3.176235121404252E-23,-1.266457127281297E-24
159,-1.7526891795496577E-23,-2.3344274095574712E-23,-1.949752094598782E-23,1.652294665486201E-23,-3.173887599786079E-23,-1.2626010098191969E-24
159.5,-1.818161373965186E-23,-2.2404931563547988E-23,-1.8685733573167113E-23,1.7087798739400848E-23,-3.172013057262726E-23,-1.2591899212822826E-24
159.99999999999997,-1.8784653225016962E-23,-2.1483956732779544E-23,-1.7892881952853895E-23,1.760270058794711E-23,-3.170608788766803E-23,-1.2561334734419545E-24
160.5,-1.933894162769004E-23,-2.0581173380351933E-23,-1.711908879254116E-23,1.8070070357168062E-23,-3.1696711211075726E-23,-1.2533907967259526E-24
160.99999999999997,-1.984713936820091E-23,-1.9696388150525518E-23,-1.6364523193658584E-23,1.8492065863720535E-23,-3.169200533220797E-23,-1.2508803210189496E-24
161.5,-2.0311758687271262E-23,-1.8829333280565505E-23,-1.562933332421932E-23,1.8870684132599854E-23,-3.169201704939403E-23,-1.2484864167953037E-24
162,-2.0734810645342837E-23,-1.797966100175444E-23,-1.491366413533471E-23,1.9207378812237452E-23,-3.169678214096417E-23,-1.2461387824827348E-24
162.5,-2.111814409417924E-23,-1.7147039112560362E-23,-1.4217766709565123E-23,1.9503422558015548E-23,-3.170639694512687E-23,-1.2437272145681445E-24
163,-2.1463267163430384E-23,-1.633112123904673E-23,-1.354199169910956E-23,1.9759683393187326E-23,-3.172096585660976E-23,-1.2411667128122894E-24
163.49999999999997,-2.177146136885549E-23,-1.5531558665359883E-23,-1.288682012853059E-23,1.9976779038423774E-23,-3.174065935641109E-23,-1.2383089020521426E-24
164,-2.2043740843180963E-23,-1.4748013675255335E-23,-1.2252920142397006E-23,2.0154964053644277E-23,-3.1765666239526635E-23,-1.2350235623864575E-24
164.49999999999997,-2.2280793257777353E-23,-1.398019974164723E-23,-1.164123934537939E-23,2.029408741655831E-23,-3.1796216616528113E-23,-1.231158194406682E-24
165,-2.2482999543986763E-23,-1.3227929783491976E-23,-1.105310907088787E-23,2.0393602356252516E-23,-3.183262599071133E-23,-1.2265221755422188E-24
